0 10.501342
1 6.653179
2 6.809477
3 7.132817
4 9.221909
5 17.208914
6 15.1040125
7 23.662899
8 25.24218
9 33.680737
10 36.667103
11 35.518223
12 37.391457
13 44.131363
14 63.23819
15 54.16378
16 65.51272
17 54.921127
18 65.37274
19 77.56461
20 79.20886
21 91.32277
22 101.16619
23 98.30926
24 100.496574
25 115.80874
26 113.412605
27 128.4771
28 151.7965
29 177.91235
30 184.04071
31 176.33043
32 190.5863
33 157.81956
34 182.96948
35 185.88464
36 229.21707
37 255.85632
38 221.58069
39 256.61942
40 257.70328
41 259.46692
42 285.92148
43 263.38174
44 320.6233
45 333.93405
46 305.95782
47 367.5322
48 308.6563
49 392.42706
50 374.41934
51 392.0984
52 408.85556
53 403.71
54 405.26578
55 408.4308
56 376.27032
57 396.41666
58 448.3171
59 451.5437
60 446.05627
61 479.19098
62 442.03564
63 502.15607
64 513.7348
65 589.4929
66 551.8413
67 602.16113
68 459.81454
69 528.2872
70 488.33054
71 496.94022
72 492.77563
73 537.1062
74 527.4159
75 495.1313
76 525.17017
77 541.09717
78 597.7559
79 615.74915
80 601.4762
81 620.12506
82 585.9254
83 583.2142
84 554.704
85 610.06287
86 602.18494
87 583.253
88 602.3662
89 617.01556
90 645.51086
91 668.2133
92 648.83325
93 714.51666
94 689.54376
95 727.2722
96 740.8832
97 771.3565
98 742.8956
99 802.53577
100 694.74585
101 742.2544
102 837.20715
103 710.2593
104 716.6443
105 685.96826
106 693.9726
107 718.9403
108 697.7197
109 774.47284
110 756.92163
111 748.129
112 775.8241
113 824.2257
114 756.6277
115 740.07404
116 849.71924
117 906.44434
118 788.7407
119 809.8777
120 792.49646
121 825.58716
122 839.31415
123 868.56805
124 887.55817
125 903.39404
126 811.63745
127 852.4313
128 879.5512
129 895.5915
130 977.62225
131 888.9516
132 903.1337
133 946.02124
134 1047.0844
135 897.1869
136 948.5419
137 939.7965
138 1003.6564
139 972.32355
140 906.8236
141 992.63605
142 961.6326
143 916.6163
144 931.4572
145 881.6132
146 871.02075
147 858.3971
148 886.9118
149 860.8749
150 862.99243
151 958.64813
152 863.36694
153 815.0192
154 842.3242
155 885.18286
156 868.528
157 873.4529
158 906.6064
159 872.2438
160 900.059
161 920.732
162 888.9831
163 995.0707
164 950.3632
165 876.7702
166 886.0411
167 886.3023
168 972.6143
169 978.1005
170 829.6133
171 802.81354
172 821.23785
173 837.1262
174 850.53925
175 832.41064
176 877.5442
177 841.6128
178 791.8851
179 888.6428
180 888.6521
181 909.86475
182 856.71277
183 833.65314
184 880.1056
185 838.9332
186 869.2336
187 870.7648
188 825.03107
189 829.30804
190 848.0938
191 943.09125
192 895.11945
193 967.1094
194 911.4385
195 929.37946
196 929.0468
197 936.85297
198 995.3315
199 901.25287
200 916.4501
201 960.74945
202 983.0708
203 935.15594
204 1031.0784
205 1029.6304
206 939.43713
207 941.1991
208 912.2857
209 938.8955
210 904.33435
211 894.8762
212 894.50665
213 900.99176
214 870.8373
215 939.7048
216 924.67285
217 956.1555
218 937.69495
219 942.99365
220 1045.2826
221 938.3386
222 980.60944
223 933.46606
224 954.48486
225 999.5423
226 992.9846
227 1067.6631
228 963.1366
229 1152.375
230 946.51746
231 1073.807
232 1013.004
233 1037.4432
234 1028.4446
235 1057.6235
236 1084.4545
237 1121.0653
238 1146.2211
239 1149.7749
240 1093.7247
241 1079.9718
242 1096.3735
243 1043.2941
244 1061.0923
245 1009.7909
246 1145.9918
247 1104.1576
248 1101.297
249 1134.4802
250 1129.0072
251 1166.4614
252 1303.1583
253 1208.7743
254 1328.1134
255 1236.2883
256 1238.0283
257 1164.4199
258 1197.7996
259 1243.5984
260 1254.7336
261 1155.0951
262 1133.4131
263 1143.4276
264 1182.9235
265 1223.1617
266 1336.1968
267 1186.722
268 1194.112
269 1115.0914
270 1191.0369
271 1210.2074
272 1180.9695
273 1121.8878
274 1130.8335
275 1084.7172
276 1026.8536
277 1063.2003
278 1053.313
279 1033.281
280 1217.7106
281 1230.8153
282 1070.2781
283 1060.5526
284 1146.4484
285 1043.0535
286 1033.6995
287 1005.4904
288 1075.7792
289 1067.4681
290 1117.4774
291 1119.4695
292 918.53894
293 908.8469
294 958.03235
295 918.40564
296 969.35645
297 964.22626
298 971.4142
299 994.8199
300 1046.7234
301 917.03546
302 917.67737
303 969.44037
304 987.2828
305 991.0915
306 948.694
307 1058.219
308 1018.89105
309 1024.8595
310 1134.222
311 1067.6422
312 1033.5052
313 1085.9945
314 1120.41
315 1169.1411
316 1193.2612
317 1059.2655
318 1074.3125
319 985.1689
320 1018.3228
321 985.08264
322 1045.6891
323 1053.2711
324 1117.0833
325 1090.0546
326 1087.8611
327 1093.6389
328 1137.5146
329 1193.9856
330 1166.9349
331 1165.0264
332 1189.7139
333 1230.5354
334 1182.2769
335 1178.7771
336 1244.4424
337 1251.423
338 1300.0034
339 1304.4789
340 1235.891
341 1124.1295
342 1166.7756
343 1191.5983
344 1140.2119
345 1164.9799
346 1241.3668
347 1213.26
348 1161.7792
349 1070.4369
350 1163.835
351 1123.0591
352 1195.7994
353 1160.0367
354 1143.1251
355 1097.0173
356 1189.8191
357 1105.1603
358 1158.9884
359 1104.0422
360 1169.45
361 1106.9045
362 1078.12
363 1106.2817
364 1131.5619
365 1071.7053
366 1119.764
367 1161.0961
368 1145.115
369 1125.085
370 1120.664
371 1031.7599
372 1124.6066
373 1131.7112
374 1035.154
375 1074.5759
376 1117.7632
377 1071.4264
378 1101.279
379 1143.8102
380 1098.8733
381 1144.4355
382 1204.3092
383 1155.8228
384 1115.86
385 1045.9355
386 1129.5886
387 1083.8898
388 1143.9661
389 1252.2745
390 1123.5447
391 1146.8258
392 986.00305
393 1059.0609
394 1029.5615
395 954.1796
396 1010.98883
397 979.63727
398 1028.8939
399 1033.1378
400 983.3057
401 992.7889
402 962.62396
403 912.22363
404 972.1412
405 876.03204
406 911.0006
407 906.50085
408 906.8685
409 967.3349
410 937.12555
411 912.0941
412 939.3487
413 911.3485
414 1004.01514
415 1006.9704
416 963.4531
417 916.2122
418 989.44385
419 933.1455
420 905.32477
421 1005.5736
422 887.5615
423 988.1541
424 1078.4089
425 1061.4685
426 1022.08795
427 957.3261
428 995.2371
429 1017.7785
430 923.6038
431 919.09143
432 901.5962
433 1009.6667
434 1037.4014
435 1062.0919
436 971.107
437 1013.0932
438 1009.97766
439 1173.4741
440 1014.83673
441 1020.38763
442 1035.2957
443 1101.9456
444 998.1184
445 1030.6178
446 991.4191
447 1004.77124
448 1034.7684
449 1007.2985
450 949.45715
451 1136.8313
452 1025.0001
453 1024.5765
454 976.3132
455 1092.4669
456 1052.7756
457 1011.873
458 1075.9073
459 1036.3665
460 1078.4392
461 1156.6516
462 1005.3746
463 1071.5515
464 1091.3379
465 1122.1725
466 1093.975
467 1107.0101
468 1061.3419
469 1100.926
470 1177.6525
471 1174.3119
472 1244.8053
473 1250.7317
474 1167.2072
475 1156.7031
476 1178.3289
477 1204.7646
478 1087.9778
479 1033.4674
480 1100.4791
481 1129.5521
482 1254.7571
483 1168.214
484 1118.8687
485 1195.6288
486 1295.8921
487 1185.4934
488 1245.2327
489 1091.9698
490 1113.5988
491 1103.4058
492 1172.0049
493 1134.0809
494 1046.8757
495 1111.2395
496 1085.8075
497 1037.4536
498 932.0398
499 1031.0199
