0 8.100565
1 5.4506054
2 5.9618115
3 6.8234425
4 9.540891
5 12.492957
6 16.167067
7 26.531775
8 34.758755
9 26.525074
10 35.518738
11 34.139305
12 44.372902
13 52.5755
14 56.66616
15 56.380836
16 56.065876
17 66.341255
18 74.27065
19 77.40127
20 85.61195
21 89.25403
22 88.2979
23 103.38951
24 116.513176
25 131.76154
26 150.08463
27 149.82605
28 168.34018
29 152.3179
30 180.44836
31 192.75505
32 191.9529
33 220.08598
34 233.16586
35 236.88696
36 222.50842
37 271.4447
38 231.91751
39 247.40828
40 252.44272
41 271.85764
42 296.9322
43 317.27734
44 294.77582
45 297.56534
46 316.28836
47 354.19052
48 300.9529
49 291.12903
50 336.71902
51 378.59088
52 333.35434
53 370.9509
54 352.15778
55 379.2138
56 387.56665
57 333.40466
58 375.2553
59 412.34753
60 409.21347
61 420.12772
62 436.11755
63 456.63083
64 385.33286
65 421.8256
66 451.28888
67 416.60895
68 486.01108
69 507.39426
70 470.00433
71 499.70325
72 456.0282
73 411.91168
74 494.00418
75 507.89966
76 522.06494
77 472.57013
78 512.16956
79 541.60297
80 514.751
81 516.911
82 571.1337
83 649.263
84 517.50824
85 593.36395
86 688.50806
87 657.6131
88 658.2656
89 712.15594
90 722.4191
91 693.5653
92 705.41223
93 721.08014
94 699.09015
95 733.6567
96 722.42834
97 790.1626
98 795.1308
99 885.91095
100 777.2984
101 805.2563
102 742.17413
103 811.9334
104 815.8993
105 809.0253
106 722.1223
107 765.7678
108 718.4604
109 836.9834
110 748.02625
111 895.78937
112 839.54553
113 832.3476
114 790.7197
115 858.16327
116 840.87885
117 862.20105
118 826.9192
119 754.6999
120 894.1642
121 838.00055
122 762.7857
123 761.38916
124 838.4328
125 857.38544
126 801.00446
127 934.722
128 949.8464
129 1005.8737
130 877.07196
131 832.10834
132 838.42224
133 868.7255
134 851.1051
135 823.27313
136 870.40704
137 748.0525
138 834.8565
139 769.6054
140 748.97705
141 743.91876
142 794.44775
143 760.98236
144 701.14874
145 749.5895
146 761.77936
147 759.46515
148 754.3812
149 742.716
150 791.65375
151 781.72815
152 738.3769
153 695.0256
154 742.9555
155 793.3508
156 771.0154
157 870.59467
158 887.69696
159 940.73474
160 887.51447
161 782.5537
162 793.61975
163 851.16156
164 757.94324
165 740.8495
166 828.63824
167 831.8966
168 717.0854
169 861.1955
170 814.97974
171 683.4767
172 724.4968
173 754.00464
174 800.1374
175 761.01624
176 896.8537
177 822.3273
178 817.4299
179 785.21497
180 789.9934
181 921.66394
182 890.7471
183 878.28015
184 943.7798
185 851.66437
186 822.14655
187 886.0324
188 842.53876
189 830.16016
190 831.794
191 739.3877
192 834.76953
193 799.8883
194 841.5959
195 776.8327
196 695.39966
197 769.4926
198 731.0666
199 721.0645
200 808.42834
201 844.657
202 905.93787
203 839.58594
204 808.2196
205 763.5068
206 776.1073
207 820.7269
208 942.10913
209 890.7125
210 912.1853
211 858.29456
212 881.7367
213 845.4979
214 763.2734
215 879.62744
216 964.4754
217 875.5893
218 926.3714
219 815.10004
220 889.47754
221 888.6831
222 869.057
223 1001.68964
224 823.33105
225 808.7576
226 835.7769
227 906.57
228 902.43097
229 790.6253
230 981.6205
231 873.8776
232 862.2509
233 909.6131
234 875.3729
235 884.17523
236 1033.1443
237 994.6176
238 915.3906
239 954.6655
240 895.12585
241 785.88306
242 896.0552
243 939.35583
244 940.4513
245 885.46204
246 800.0267
247 893.83905
248 885.0657
249 918.77374
250 846.65076
251 918.761
252 1009.6853
253 969.6373
254 895.6917
255 975.61615
256 963.1338
257 827.0464
258 1005.71136
259 931.45966
260 1058.5839
261 867.52325
262 916.54425
263 961.6418
264 956.93567
265 943.0476
266 806.24335
267 876.89575
268 898.3688
269 841.5916
270 925.27124
271 861.11414
272 1044.9587
273 973.201
274 947.4216
275 927.9393
276 996.0041
277 1069.2188
278 956.79944
279 979.65765
280 1011.1029
281 1037.4291
282 1054.2552
283 994.4756
284 1012.1308
285 1089.5043
286 1153.8859
287 929.7145
288 1099.909
289 1116.539
290 1088.427
291 1177.0944
292 1100.5776
293 1158.4861
294 1050.1841
295 1097.6073
296 963.1479
297 964.4503
298 928.1109
299 973.1904
300 962.34357
301 1136.7391
302 943.74677
303 993.5901
304 895.2583
305 977.41016
306 1017.9048
307 922.8715
308 918.14856
309 961.96844
310 1034.59
311 1015.8517
312 933.44653
313 942.64886
314 1037.7589
315 978.8988
316 899.62213
317 851.9729
318 892.32666
319 934.26447
320 923.4402
321 1087.5109
322 967.4864
323 940.3158
324 933.47363
325 907.73804
326 938.0754
327 959.6395
328 969.0463
329 1049.0627
330 993.6736
331 928.2991
332 970.92206
333 1004.7517
334 931.4592
335 956.42377
336 920.5016
337 953.233
338 937.5601
339 946.35876
340 853.95435
341 925.10767
342 878.44006
343 899.1985
344 951.7673
345 962.72595
346 897.8425
347 991.01825
348 939.38727
349 985.4261
350 890.4904
351 946.768
352 924.7009
353 918.7247
354 1029.0731
355 918.59973
356 977.0528
357 950.58856
358 858.8862
359 979.732
360 1061.5541
361 922.2585
362 906.0397
363 1053.9458
364 936.3195
365 1089.3777
366 1086.9314
367 1077.0813
368 1053.5452
369 1083.1437
370 1092.3292
371 1111.3589
372 1028.0472
373 1048.2327
374 1018.73956
375 1153.2131
376 1079.3141
377 1115.3402
378 1032.1707
379 986.2646
380 1053.9869
381 1090.8167
382 1207.2368
383 1001.9813
384 1038.5671
385 1036.7238
386 1007.42163
387 1143.192
388 945.8566
389 1081.274
390 1071.0015
391 1088.76
392 1057.9994
393 986.46545
394 1116.9456
395 1097.6654
396 1185.9131
397 1235.3899
398 1074.2772
399 1034.4335
400 1137.0895
401 1068.9707
402 1108.6969
403 1085.6053
404 1143.8451
405 1311.509
406 1028.3873
407 1098.5603
408 1259.4037
409 1139.1625
410 1259.412
411 1193.9873
412 1211.14
413 1201.8193
414 1186.4233
415 1227.0205
416 1248.9326
417 1204.815
418 1358.4222
419 1287.9557
420 1342.565
421 1294.9363
422 1184.5613
423 1374.3579
424 1275.9044
425 1271.5972
426 1302.2081
427 1394.4152
428 1426.6969
429 1454.2206
430 1400.6956
431 1395.7845
432 1555.3785
433 1426.542
434 1420.0696
435 1334.608
436 1390.9235
437 1333.1327
438 1285.6296
439 1288.8712
440 1199.7435
441 1221.7725
442 1415.0077
443 1338.8131
444 1226.8911
445 1182.5906
446 1264.8455
447 1322.8931
448 1380.151
449 1349.4578
450 1337.9929
451 1262.9789
452 1325.6714
453 1188.0203
454 1339.7815
455 1173.4629
456 1234.6377
457 1237.7583
458 1153.0188
459 1185.7832
460 1163.7131
461 1137.019
462 1142.1637
463 1214.8328
464 1208.3193
465 1145.4551
466 1180.0244
467 1284.3873
468 1329.8905
469 1262.2507
470 1214.0774
471 1271.5405
472 1314.4851
473 1255.4949
474 1273.8564
475 1226.6779
476 1237.9287
477 1114.9542
478 1184.2003
479 1147.7736
480 1163.7174
481 1152.5653
482 1207.2839
483 1141.0553
484 1095.6979
485 1147.4236
486 1129.0337
487 1109.5692
488 1156.3232
489 1122.1472
490 994.1386
491 1027.1393
492 1096.4817
493 1054.3713
494 1092.1316
495 1041.4395
496 1050.2688
497 997.1099
498 1017.1301
499 1124.0242
