0 8.344551
1 5.402341
2 7.3920736
3 8.559847
4 10.015996
5 13.777321
6 18.761465
7 19.618942
8 25.637632
9 31.801426
10 38.891056
11 37.949657
12 41.599056
13 47.404182
14 50.77971
15 57.84623
16 57.287003
17 61.151554
18 79.10206
19 89.13023
20 93.09631
21 97.26604
22 111.9528
23 115.85303
24 119.05894
25 136.69958
26 172.78197
27 147.03151
28 153.80492
29 177.54562
30 190.1692
31 184.98853
32 211.16621
33 220.88904
34 235.75322
35 218.94687
36 240.85962
37 241.8776
38 265.72144
39 310.7226
40 323.57343
41 291.99304
42 348.0104
43 303.65384
44 379.19858
45 338.66647
46 341.19397
47 358.88528
48 376.68115
49 405.05325
50 369.92603
51 390.4642
52 386.44443
53 397.5477
54 422.7076
55 409.27475
56 427.8269
57 429.57574
58 480.7436
59 410.87473
60 499.80554
61 494.58047
62 553.03864
63 477.62897
64 535.54083
65 550.5303
66 528.6752
67 624.99335
68 475.52048
69 505.71506
70 575.6622
71 597.4062
72 547.5989
73 568.8806
74 607.86536
75 659.57806
76 600.379
77 630.241
78 625.4853
79 548.2317
80 634.54895
81 623.0476
82 583.4631
83 672.6308
84 553.8214
85 596.1789
86 552.1759
87 572.8529
88 512.80524
89 617.39984
90 530.06647
91 581.7831
92 565.98486
93 669.67957
94 584.29224
95 639.9448
96 601.26166
97 571.6291
98 677.26776
99 605.8732
100 642.17096
101 656.5236
102 614.1462
103 621.8935
104 653.80853
105 609.4041
106 700.2588
107 595.1823
108 660.85455
109 678.1186
110 672.41547
111 666.0301
112 636.54865
113 656.9693
114 688.8533
115 652.7121
116 684.14874
117 717.014
118 637.6627
119 778.88525
120 724.2175
121 749.71423
122 794.0606
123 737.91534
124 791.20624
125 782.65936
126 771.0677
127 836.2931
128 964.6552
129 743.25476
130 822.4201
131 873.3774
132 912.6574
133 1032.6187
134 980.9287
135 957.45026
136 982.40106
137 861.3375
138 858.2974
139 1047.0072
140 968.02014
141 986.7941
142 1009.87384
143 1083.4333
144 1060.8723
145 951.16846
146 950.56506
147 1026.3514
148 1023.29785
149 1043.5524
150 939.81573
151 926.69196
152 1069.7386
153 899.9465
154 960.6581
155 953.11316
156 1055.7682
157 1012.6856
158 1136.2614
159 1021.15063
160 1004.88654
161 1151.4749
162 1041.6504
163 1130.1497
164 1077.0023
165 1189.0281
166 1171.622
167 1223.7559
168 1092.8341
169 1088.7083
170 1108.4203
171 1157.4777
172 1101.6458
173 1060.7355
174 1038.5804
175 1124.8055
176 1240.6085
177 1162.7147
178 1136.4105
179 1054.9037
180 1011.00397
181 1038.211
182 1130.2344
183 1047.8385
184 960.4259
185 1074.6481
186 1083.2576
187 1070.475
188 968.2567
189 1023.25995
190 1126.719
191 1116.7349
192 976.3878
193 989.12146
194 1049.9708
195 1090.654
196 1078.997
197 1064.3962
198 1080.5035
199 1049.244
200 1067.6033
201 1199.5958
202 1029.1144
203 1052.1696
204 1205.6145
205 982.5172
206 978.13416
207 1007.7612
208 1035.1704
209 1079.0424
210 1057.3115
211 1229.3231
212 1037.9115
213 1083.868
214 1114.786
215 1200.9056
216 1225.0001
217 1309.5242
218 1238.2781
219 1312.956
220 1297.6256
221 1276.5204
222 1279.1842
223 1150.581
224 1181.8156
225 1191.2698
226 1176.571
227 1234.5024
228 1168.1716
229 1228.195
230 1114.3291
231 1088.6907
232 1162.1099
233 1136.229
234 1194.9293
235 1134.4502
236 1078.7222
237 1124.5004
238 1121.8373
239 1272.1147
240 1188.7656
241 1213.2064
242 1118.7205
243 1144.0834
244 1131.8093
245 1021.82965
246 1188.3118
247 1189.7943
248 1060.413
249 1137.1093
250 1293.0299
251 1208.4746
252 1197.4161
253 1189.0684
254 1201.7335
255 1171.5642
256 1154.3441
257 1155.495
258 1204.72
259 1275.7177
260 1336.9166
261 1352.5876
262 1218.1163
263 1148.1685
264 1255.4985
265 1153.6296
266 1153.1058
267 1206.7986
268 1218.4768
269 1184.8218
270 1119.028
271 1154.1378
272 1134.4032
273 1206.864
274 1157.9344
275 1160.9741
276 1261.6234
277 1171.9485
278 1148.295
279 1194.909
280 1243.7714
281 1138.2681
282 1060.2257
283 1128.233
284 1176.5325
285 1278.7512
286 1099.9543
287 1101.8834
288 1192.2747
289 1240.2688
290 1318.1168
291 1178.4716
292 1144.7848
293 1262.1462
294 1176.5402
295 1272.4475
296 1208.4006
297 1251.6031
298 1302.026
299 1172.4688
300 1115.4788
301 1077.1238
302 1211.2072
303 1031.3815
304 1151.1965
305 1084.5488
306 1175.2278
307 1129.6017
308 1066.3118
309 1097.3641
310 1212.5891
311 1233.931
312 1220.176
313 1002.3825
314 1122.1434
315 1120.015
316 1085.8247
317 1045.1764
318 1025.272
319 1070.1982
320 1178.7698
321 1068.9176
322 1177.1383
323 1191.4539
324 1171.8369
325 1018.59717
326 1044.5834
327 1149.2089
328 1159.463
329 1078.7155
330 1045.3102
331 1012.4521
332 1186.3564
333 1082.8871
334 1057.7335
335 968.59674
336 1043.6748
337 950.25555
338 1042.9847
339 919.5391
340 1006.1018
341 1042.5261
342 1111.8022
343 1058.4327
344 1059.5697
345 1075.6637
346 1156.6344
347 1090.1576
348 948.03876
349 939.4961
350 1046.9207
351 1034.8711
352 1059.7009
353 1209.1041
354 1194.5199
355 1125.9138
356 1069.8883
357 1240.3215
358 1206.2565
359 1081.8381
360 1191.8346
361 1060.846
362 1065.7845
363 1000.4372
364 1032.0034
365 955.5872
366 1079.667
367 953.11554
368 914.20215
369 962.59973
370 886.1565
371 974.30536
372 963.2624
373 1002.8956
374 851.55286
375 978.92676
376 1003.49286
377 1076.5238
378 1020.4168
379 1008.08575
380 1060.2728
381 1097.2312
382 1027.678
383 1038.9615
384 1035.651
385 989.6814
386 1054.4202
387 865.5414
388 1057.0248
389 913.7423
390 996.79803
391 854.9553
392 913.12665
393 1009.3045
394 999.8528
395 942.9906
396 854.3258
397 955.5939
398 907.4041
399 884.15015
400 1004.62445
401 908.22107
402 845.9254
403 906.05084
404 920.8216
405 891.62537
406 887.08984
407 933.1885
408 1036.0083
409 904.7236
410 975.91565
411 1088.1825
412 1028.5532
413 998.1406
414 1094.7268
415 1078.0286
416 949.3945
417 997.79236
418 937.3014
419 1012.21277
420 1012.90967
421 994.87177
422 929.6882
423 953.22986
424 972.22327
425 949.5525
426 986.1251
427 994.01294
428 1004.67676
429 1109.9521
430 1032.0334
431 1012.24396
432 1069.345
433 1070.1371
434 1106.5754
435 1055.4272
436 1033.2357
437 1089.7302
438 1145.177
439 1256.7504
440 1355.9385
441 1077.3474
442 1119.5535
443 1138.4113
444 1191.3907
445 1282.9664
446 1208.1406
447 1225.6116
448 1067.2396
449 1280.1475
450 1200.9655
451 1296.8885
452 1258.8805
453 1125.3469
454 1232.3856
455 1079.67
456 1171.9453
457 1370.2365
458 1154.9606
459 1266.2471
460 1120.5912
461 1207.1348
462 1166.4326
463 1404.3167
464 1344.9216
465 1375.8451
466 1433.7314
467 1287.0292
468 1282.401
469 1262.4095
470 1308.5417
471 1346.4103
472 1357.3163
473 1455.8187
474 1462.5659
475 1360.4865
476 1295.4078
477 1416.2188
478 1159.9867
479 1157.3167
480 1230.1002
481 1313.5818
482 1431.7745
483 1396.4062
484 1249.813
485 1222.1337
486 1321.2218
487 1328.5492
488 1198.4159
489 1401.1786
490 1351.3108
491 1355.2855
492 1351.7438
493 1555.9105
494 1484.5365
495 1314.3273
496 1363.9833
497 1285.2366
498 1302.1149
499 1348.3534
