0 -499642.0
1 -5039075.0
2 -106760330.0
3 -618142000.0
4 -9066222000.0
5 -47025040000.0
6 -127667450000.0
7 -638011640000.0
8 -1739884500000.0
9 -3634044900000.0
10 -8534899600000.0
11 -16572779000000.0
12 -36168985000000.0
13 -50069880000000.0
14 -74928280000000.0
15 -131477110000000.0
16 -237715060000000.0
17 -327362500000000.0
18 -582608500000000.0
19 -775128650000000.0
20 -1317431600000000.0
21 -1474672000000000.0
22 -2706919500000000.0
23 -2704184400000000.0
24 -6380967400000000.0
25 -8820672000000000.0
26 -1.0455519e+16
27 -9575301000000000.0
28 -1.5614108e+16
29 -1.5572268e+16
30 -1.7804093e+16
31 -2.2214453e+16
32 -2.47004e+16
33 -3.4302965e+16
34 -6.0737916e+16
35 -6.1997256e+16
36 -6.4329243e+16
37 -1.0934285e+17
38 -9.192015e+16
39 -1.1697789e+17
40 -1.1993125e+17
41 -1.4286122e+17
42 -1.6208762e+17
43 -1.823351e+17
44 -2.6013134e+17
45 -3.4752697e+17
46 -3.0237164e+17
47 -3.8733025e+17
48 -5.8440225e+17
49 -4.6583648e+17
50 -4.7403774e+17
51 -6.973263e+17
52 -6.8271226e+17
53 -7.2692576e+17
54 -8.400795e+17
55 -1.0294852e+18
56 -1.4092328e+18
57 -1.2155739e+18
58 -1.3127961e+18
59 -1.4355412e+18
60 -1.4512645e+18
61 -1.9201611e+18
62 -2.2407559e+18
63 -2.2434922e+18
64 -2.0407886e+18
65 -2.7151763e+18
66 -3.3361365e+18
67 -3.6868137e+18
68 -4.0131303e+18
69 -2.883748e+18
70 -3.771203e+18
71 -4.3196926e+18
72 -5.054731e+18
73 -4.4568072e+18
74 -5.133257e+18
75 -4.857955e+18
76 -6.3188504e+18
77 -7.115255e+18
78 -6.5903287e+18
79 -8.623732e+18
80 -8.1513933e+18
81 -7.0666805e+18
82 -7.682601e+18
83 -9.363316e+18
84 -1.1286169e+19
85 -9.32063e+18
86 -9.938787e+18
87 -1.3553335e+19
88 -1.3477184e+19
89 -1.4755763e+19
90 -1.3011862e+19
91 -1.868923e+19
92 -1.4864787e+19
93 -2.1915444e+19
94 -1.864891e+19
95 -2.141365e+19
96 -1.7646388e+19
97 -2.2612605e+19
98 -2.1427472e+19
99 -2.228966e+19
100 -2.631862e+19
101 -2.168421e+19
102 -3.4230108e+19
103 -3.1517866e+19
104 -3.5224904e+19
105 -3.2797548e+19
106 -2.7075645e+19
107 -3.6684746e+19
108 -3.7134813e+19
109 -4.6671054e+19
110 -4.300099e+19
111 -4.990816e+19
112 -5.1817353e+19
113 -5.0449807e+19
114 -5.3949275e+19
115 -5.064031e+19
116 -5.039281e+19
117 -5.363305e+19
118 -6.298025e+19
119 -6.4529695e+19
120 -6.5183518e+19
121 -5.652489e+19
122 -5.512006e+19
123 -7.0305826e+19
124 -7.806918e+19
125 -7.439466e+19
126 -1.0051853e+20
127 -7.758064e+19
128 -8.009175e+19
129 -7.1579817e+19
130 -1.07147575e+20
131 -9.830219e+19
132 -9.730789e+19
133 -1.0374004e+20
134 -1.0545652e+20
135 -1.1175698e+20
136 -8.528562e+19
137 -1.21085345e+20
138 -1.1118189e+20
139 -8.493549e+19
140 -1.1645124e+20
141 -1.4351148e+20
142 -1.1939334e+20
143 -1.3604377e+20
144 -1.4159074e+20
145 -1.2666243e+20
146 -1.1308797e+20
147 -1.20238765e+20
148 -1.3476096e+20
149 -1.1900883e+20
150 -1.3285004e+20
151 -1.5060788e+20
152 -1.5906557e+20
153 -1.4923659e+20
154 -1.378211e+20
155 -1.40504075e+20
156 -1.4057357e+20
157 -1.36674635e+20
158 -1.559838e+20
159 -1.45448e+20
160 -1.24226756e+20
161 -1.6480937e+20
162 -1.52449e+20
163 -1.5193212e+20
164 -1.8076337e+20
165 -1.8494773e+20
166 -1.5106602e+20
167 -1.5512526e+20
168 -1.9018145e+20
169 -1.4004771e+20
170 -1.6986341e+20
171 -1.493848e+20
172 -1.788035e+20
173 -1.6276062e+20
174 -1.5918582e+20
175 -1.8326853e+20
176 -1.8448118e+20
177 -1.8983872e+20
178 -2.1865402e+20
179 -2.0917014e+20
180 -1.5606934e+20
181 -1.7016024e+20
182 -1.9441653e+20
183 -2.0221838e+20
184 -2.320185e+20
185 -2.1350229e+20
186 -1.7521179e+20
187 -2.3609658e+20
188 -2.255099e+20
189 -1.892529e+20
190 -2.2350774e+20
191 -1.842057e+20
192 -2.3335864e+20
193 -2.0253045e+20
194 -2.0828814e+20
195 -2.001885e+20
196 -2.3327288e+20
197 -2.5684544e+20
198 -2.3534929e+20
199 -1.9891977e+20
200 -2.4815858e+20
201 -2.6200685e+20
202 -2.0271161e+20
203 -2.447687e+20
204 -2.980171e+20
205 -2.4097294e+20
206 -2.8098906e+20
207 -2.8014932e+20
208 -2.6922923e+20
209 -2.6486058e+20
210 -2.7224316e+20
211 -2.1481695e+20
212 -2.880904e+20
213 -3.2456394e+20
214 -2.5260156e+20
215 -2.78903e+20
216 -2.9657168e+20
217 -2.8403756e+20
218 -2.6096506e+20
219 -3.1035635e+20
220 -3.1137617e+20
221 -3.2037967e+20
222 -3.0544514e+20
223 -3.3087373e+20
224 -3.0321153e+20
225 -3.150947e+20
226 -3.2391233e+20
227 -3.17265e+20
228 -3.0174652e+20
229 -2.7986962e+20
230 -3.4133045e+20
231 -2.9859133e+20
232 -3.277325e+20
233 -3.484402e+20
234 -3.5350073e+20
235 -3.2119018e+20
236 -3.437712e+20
237 -3.333934e+20
238 -3.406139e+20
239 -3.7328867e+20
240 -3.5144213e+20
241 -3.3086015e+20
242 -3.9388215e+20
243 -3.595644e+20
244 -3.4042168e+20
245 -3.6042325e+20
246 -3.480049e+20
247 -3.483427e+20
248 -3.7669592e+20
249 -3.8155094e+20
250 -3.814352e+20
251 -3.894406e+20
252 -3.8039992e+20
253 -4.0274027e+20
254 -3.5079e+20
255 -3.9065585e+20
256 -4.0489493e+20
257 -3.4045957e+20
258 -4.0044636e+20
259 -4.2680082e+20
260 -4.3027588e+20
261 -3.994124e+20
262 -4.1059342e+20
263 -4.1638928e+20
264 -4.3605354e+20
265 -4.442162e+20
266 -4.1827322e+20
267 -4.4011132e+20
268 -4.597136e+20
269 -3.986376e+20
270 -4.3208858e+20
271 -4.3139534e+20
272 -4.1625983e+20
273 -4.9778294e+20
274 -4.2867474e+20
275 -4.4763768e+20
276 -4.3761488e+20
277 -5.116472e+20
278 -4.032751e+20
279 -4.4878057e+20
280 -4.9298435e+20
281 -4.57248e+20
282 -4.9610267e+20
283 -4.504727e+20
284 -4.658603e+20
285 -4.9302605e+20
286 -4.7743128e+20
287 -4.7647757e+20
288 -4.6657925e+20
289 -4.8505907e+20
290 -4.741838e+20
291 -4.9506262e+20
292 -4.3434622e+20
293 -5.0142994e+20
294 -4.4639535e+20
295 -5.177143e+20
296 -5.3501993e+20
297 -5.336054e+20
298 -4.633597e+20
299 -5.1363716e+20
300 -5.4055264e+20
301 -5.3278646e+20
302 -4.634713e+20
303 -5.3366878e+20
304 -5.1623925e+20
305 -5.1794295e+20
306 -5.5066047e+20
307 -5.34454e+20
308 -5.3224114e+20
309 -5.0560562e+20
310 -5.898119e+20
311 -5.648531e+20
312 -4.865444e+20
313 -5.683473e+20
314 -5.802672e+20
315 -5.6377844e+20
316 -5.4756837e+20
317 -5.5163832e+20
318 -5.556003e+20
319 -5.6217956e+20
320 -6.06561e+20
321 -6.759705e+20
322 -6.142188e+20
323 -5.942722e+20
324 -6.037241e+20
325 -5.7521558e+20
326 -6.005708e+20
327 -6.578114e+20
328 -6.5356034e+20
329 -6.589408e+20
330 -6.643541e+20
331 -6.28683e+20
332 -6.8791844e+20
333 -6.2471225e+20
334 -6.1030995e+20
335 -6.6847035e+20
336 -5.762836e+20
337 -6.710342e+20
338 -6.2877844e+20
339 -7.09039e+20
340 -5.778286e+20
341 -6.535359e+20
342 -6.24155e+20
343 -6.4440234e+20
344 -7.2333186e+20
345 -6.2762756e+20
346 -6.3868636e+20
347 -6.5963295e+20
348 -6.4291946e+20
349 -7.060874e+20
350 -6.143891e+20
351 -6.9656556e+20
352 -6.788342e+20
353 -6.622799e+20
354 -6.753983e+20
355 -6.761737e+20
356 -7.365297e+20
357 -6.611641e+20
358 -6.363942e+20
359 -6.746894e+20
360 -7.712427e+20
361 -6.277043e+20
362 -6.300475e+20
363 -7.7696284e+20
364 -6.690846e+20
365 -7.780296e+20
366 -6.894573e+20
367 -7.306391e+20
368 -7.233909e+20
369 -7.576908e+20
370 -7.774996e+20
371 -7.343199e+20
372 -7.233827e+20
373 -7.1725074e+20
374 -7.19495e+20
375 -7.798599e+20
376 -8.0143526e+20
377 -8.2513214e+20
378 -7.3710394e+20
379 -7.4770774e+20
380 -7.10235e+20
381 -7.7696854e+20
382 -9.152104e+20
383 -7.773625e+20
384 -7.342665e+20
385 -8.0219116e+20
386 -7.3511546e+20
387 -8.727321e+20
388 -7.222678e+20
389 -8.1346374e+20
390 -8.107796e+20
391 -7.6526755e+20
392 -7.569885e+20
393 -7.537516e+20
394 -8.284518e+20
395 -8.3335065e+20
396 -8.1387694e+20
397 -8.472504e+20
398 -7.721923e+20
399 -7.517362e+20
400 -8.458729e+20
401 -8.036951e+20
402 -8.413059e+20
403 -8.298365e+20
404 -8.565297e+20
405 -9.060219e+20
406 -7.8248284e+20
407 -8.4543986e+20
408 -9.699305e+20
409 -8.1408446e+20
410 -9.257668e+20
411 -8.3320175e+20
412 -8.64454e+20
413 -8.4052875e+20
414 -8.094028e+20
415 -7.954282e+20
416 -8.587221e+20
417 -9.303469e+20
418 -8.658843e+20
419 -9.497521e+20
420 -9.110987e+20
421 -9.241906e+20
422 -8.023163e+20
423 -9.6196424e+20
424 -9.2399024e+20
425 -8.6224e+20
426 -8.9612956e+20
427 -9.4082976e+20
428 -9.5771256e+20
429 -8.8554294e+20
430 -9.104183e+20
431 -8.966688e+20
432 -1.0054005e+21
433 -9.273981e+20
434 -9.282596e+20
435 -9.729723e+20
436 -8.996847e+20
437 -1.0181445e+21
438 -9.474166e+20
439 -9.5345595e+20
440 -9.0805094e+20
441 -8.572066e+20
442 -9.90946e+20
443 -9.3336385e+20
444 -9.618477e+20
445 -8.7566394e+20
446 -8.715126e+20
447 -9.534432e+20
448 -1.0238748e+21
449 -1.0614096e+21
450 -1.03576564e+21
451 -1.0573997e+21
452 -1.00748465e+21
453 -1.0168629e+21
454 -1.0488682e+21
455 -1.007227e+21
456 -9.736135e+20
457 -9.735061e+20
458 -9.4657375e+20
459 -9.6955484e+20
460 -1.010404e+21
461 -9.791187e+20
462 -9.8037136e+20
463 -1.0821163e+21
464 -1.0878391e+21
465 -9.7988856e+20
466 -1.0335566e+21
467 -1.120784e+21
468 -1.1187534e+21
469 -1.0566482e+21
470 -1.1041213e+21
471 -1.0282318e+21
472 -1.1125578e+21
473 -1.09311525e+21
474 -1.0872427e+21
475 -1.10970025e+21
476 -1.11775726e+21
477 -1.1403437e+21
478 -1.2134991e+21
479 -1.07772265e+21
480 -1.1594253e+21
481 -1.08336566e+21
482 -1.0796975e+21
483 -1.0903906e+21
484 -1.0292369e+21
485 -1.0412084e+21
486 -1.2316667e+21
487 -1.07974294e+21
488 -1.2344773e+21
489 -1.066438e+21
490 -1.05759086e+21
491 -1.1138521e+21
492 -1.2119002e+21
493 -1.2440434e+21
494 -1.2088122e+21
495 -1.1931964e+21
496 -1.11937124e+21
497 -1.13418245e+21
498 -1.1278961e+21
499 -1.1021505e+21
