0 -188047.33
1 -1523399.2
2 -41636604.0
3 -522882140.0
4 -4285079600.0
5 -25935032000.0
6 -95584410000.0
7 -253230800000.0
8 -880379560000.0
9 -1603165100000.0
10 -3963957000000.0
11 -6837456300000.0
12 -14695189000000.0
13 -26721831000000.0
14 -52118190000000.0
15 -86055370000000.0
16 -135337080000000.0
17 -136423220000000.0
18 -227028780000000.0
19 -387811020000000.0
20 -621812600000000.0
21 -742937940000000.0
22 -1063675600000000.0
23 -1320414400000000.0
24 -2026600700000000.0
25 -2334161400000000.0
26 -2632702500000000.0
27 -4631167700000000.0
28 -5512286700000000.0
29 -7902667000000000.0
30 -1.0123994e+16
31 -1.2028791e+16
32 -1.5541288e+16
33 -1.6469123e+16
34 -2.2245328e+16
35 -2.2286375e+16
36 -3.1370877e+16
37 -3.4888616e+16
38 -4.4458963e+16
39 -5.3427396e+16
40 -5.9206764e+16
41 -6.559706e+16
42 -7.862009e+16
43 -7.356772e+16
44 -9.704532e+16
45 -1.072295e+17
46 -1.21743305e+17
47 -1.5857767e+17
48 -1.5291528e+17
49 -2.0120784e+17
50 -2.3642754e+17
51 -2.7929248e+17
52 -2.5274982e+17
53 -3.0549082e+17
54 -3.7238466e+17
55 -3.9363667e+17
56 -4.3415553e+17
57 -4.2444557e+17
58 -5.7006726e+17
59 -6.019059e+17
60 -6.2806406e+17
61 -7.2111944e+17
62 -5.775411e+17
63 -1.014672e+18
64 -8.597565e+17
65 -1.0601429e+18
66 -1.0350463e+18
67 -9.7989644e+17
68 -1.2124158e+18
69 -1.3620094e+18
70 -1.14674074e+18
71 -1.3886007e+18
72 -1.7540127e+18
73 -1.8724155e+18
74 -2.0538009e+18
75 -1.9901867e+18
76 -2.0548432e+18
77 -2.6118256e+18
78 -2.515908e+18
79 -2.710123e+18
80 -3.2325735e+18
81 -3.3777124e+18
82 -3.3952652e+18
83 -4.087071e+18
84 -3.8180965e+18
85 -4.5234837e+18
86 -4.380093e+18
87 -4.435904e+18
88 -5.018584e+18
89 -4.82708e+18
90 -5.4860946e+18
91 -6.585145e+18
92 -6.4342046e+18
93 -7.3485024e+18
94 -5.416956e+18
95 -6.9327534e+18
96 -7.3407453e+18
97 -7.4077633e+18
98 -8.7538234e+18
99 -9.856409e+18
100 -9.264518e+18
101 -8.980229e+18
102 -1.0638617e+19
103 -8.6822397e+18
104 -1.2628795e+19
105 -1.1155835e+19
106 -1.1940152e+19
107 -1.3390057e+19
108 -1.3751681e+19
109 -1.4598371e+19
110 -1.5754374e+19
111 -1.6201851e+19
112 -1.6590967e+19
113 -2.1086491e+19
114 -1.768137e+19
115 -2.0773792e+19
116 -2.4384815e+19
117 -2.2842924e+19
118 -2.341402e+19
119 -2.7199978e+19
120 -2.3868746e+19
121 -2.6041574e+19
122 -2.6124102e+19
123 -3.060207e+19
124 -3.2011896e+19
125 -3.6454535e+19
126 -3.1716343e+19
127 -3.8017383e+19
128 -3.8040252e+19
129 -4.1569812e+19
130 -4.3415285e+19
131 -3.7798197e+19
132 -3.9171104e+19
133 -3.9649344e+19
134 -4.422605e+19
135 -4.304647e+19
136 -5.310506e+19
137 -5.178975e+19
138 -5.4459796e+19
139 -5.8142645e+19
140 -5.7588654e+19
141 -5.850468e+19
142 -6.378428e+19
143 -6.711534e+19
144 -6.732004e+19
145 -6.4852103e+19
146 -6.6619427e+19
147 -6.7227673e+19
148 -7.963004e+19
149 -6.9085957e+19
150 -6.7367764e+19
151 -8.217745e+19
152 -6.8276633e+19
153 -7.788094e+19
154 -8.098946e+19
155 -7.907742e+19
156 -9.780428e+19
157 -9.260056e+19
158 -7.8501146e+19
159 -1.03543675e+20
160 -9.544746e+19
161 -1.0284592e+20
162 -1.0442704e+20
163 -1.0420351e+20
164 -1.0157688e+20
165 -1.15885025e+20
166 -1.1575931e+20
167 -1.1031713e+20
168 -1.2596957e+20
169 -1.3156286e+20
170 -1.1387346e+20
171 -1.1619977e+20
172 -1.356762e+20
173 -1.4082494e+20
174 -1.2696951e+20
175 -1.4309946e+20
176 -1.46512695e+20
177 -1.4503795e+20
178 -1.3799407e+20
179 -1.43243275e+20
180 -1.7188822e+20
181 -1.7163283e+20
182 -1.4940528e+20
183 -1.6549205e+20
184 -1.5646657e+20
185 -1.5338502e+20
186 -1.5945184e+20
187 -1.8368188e+20
188 -1.613465e+20
189 -1.777559e+20
190 -1.9092965e+20
191 -1.8569205e+20
192 -2.0231306e+20
193 -2.0989677e+20
194 -1.8498208e+20
195 -1.8796164e+20
196 -1.8890211e+20
197 -1.9444696e+20
198 -2.047279e+20
199 -1.922846e+20
200 -1.9838202e+20
201 -2.148708e+20
202 -2.1707533e+20
203 -2.0026299e+20
204 -1.9737648e+20
205 -2.4288395e+20
206 -2.3307625e+20
207 -2.2097049e+20
208 -2.1190594e+20
209 -2.2798623e+20
210 -2.1932034e+20
211 -1.9063628e+20
212 -2.2274686e+20
213 -1.9499316e+20
214 -2.3032997e+20
215 -2.3482082e+20
216 -2.3630903e+20
217 -2.4220918e+20
218 -2.5461829e+20
219 -2.5285268e+20
220 -2.7308308e+20
221 -2.6420865e+20
222 -2.566183e+20
223 -2.4081755e+20
224 -2.6633173e+20
225 -2.3463154e+20
226 -2.564837e+20
227 -2.559588e+20
228 -2.4673201e+20
229 -2.9301858e+20
230 -3.0254433e+20
231 -2.838153e+20
232 -2.6699773e+20
233 -3.0451856e+20
234 -2.8553568e+20
235 -2.8075598e+20
236 -2.999255e+20
237 -3.2208527e+20
238 -2.9534554e+20
239 -3.1245675e+20
240 -3.1256343e+20
241 -3.0087655e+20
242 -3.162272e+20
243 -3.075871e+20
244 -3.0756616e+20
245 -2.9224502e+20
246 -2.995669e+20
247 -3.1402728e+20
248 -2.9369442e+20
249 -3.260855e+20
250 -3.29759e+20
251 -3.269075e+20
252 -3.43889e+20
253 -3.359531e+20
254 -3.523619e+20
255 -3.665769e+20
256 -3.6553864e+20
257 -3.290933e+20
258 -3.6355663e+20
259 -3.5587384e+20
260 -3.5270883e+20
261 -3.3645116e+20
262 -3.4886945e+20
263 -3.5603833e+20
264 -3.6035327e+20
265 -3.5451214e+20
266 -4.1124455e+20
267 -3.4826037e+20
268 -3.7522416e+20
269 -3.6990382e+20
270 -3.921506e+20
271 -3.8801136e+20
272 -3.8414853e+20
273 -3.966922e+20
274 -3.728151e+20
275 -3.985342e+20
276 -3.7327924e+20
277 -3.7303062e+20
278 -3.8446146e+20
279 -3.952065e+20
280 -3.9192653e+20
281 -4.2436357e+20
282 -3.988992e+20
283 -3.9916522e+20
284 -4.236227e+20
285 -4.0019715e+20
286 -4.0619587e+20
287 -4.3446616e+20
288 -4.490016e+20
289 -4.1512844e+20
290 -4.4084435e+20
291 -4.3593602e+20
292 -3.722033e+20
293 -3.9286617e+20
294 -4.3411868e+20
295 -4.2758994e+20
296 -4.2061246e+20
297 -4.3265374e+20
298 -3.9762172e+20
299 -4.2082884e+20
300 -4.4336214e+20
301 -4.5962654e+20
302 -4.271133e+20
303 -4.540308e+20
304 -4.7963713e+20
305 -4.567566e+20
306 -4.779395e+20
307 -4.7013752e+20
308 -4.633946e+20
309 -4.7190596e+20
310 -4.85171e+20
311 -4.765268e+20
312 -4.7729853e+20
313 -4.321063e+20
314 -4.996415e+20
315 -4.8329704e+20
316 -4.903606e+20
317 -4.5602813e+20
318 -4.9972934e+20
319 -4.7190715e+20
320 -4.7596075e+20
321 -5.118751e+20
322 -4.9110804e+20
323 -5.0738285e+20
324 -5.0797993e+20
325 -4.705594e+20
326 -5.1524973e+20
327 -5.0852374e+20
328 -5.0848697e+20
329 -5.3858868e+20
330 -4.9602935e+20
331 -5.027262e+20
332 -5.221874e+20
333 -5.346129e+20
334 -5.6095183e+20
335 -5.3866267e+20
336 -5.3935904e+20
337 -5.507332e+20
338 -5.4339916e+20
339 -5.2757502e+20
340 -5.5983522e+20
341 -5.2412797e+20
342 -5.139509e+20
343 -5.573938e+20
344 -5.6371996e+20
345 -5.7603967e+20
346 -6.084052e+20
347 -5.7524035e+20
348 -5.777262e+20
349 -5.403309e+20
350 -5.8259983e+20
351 -5.586936e+20
352 -6.139211e+20
353 -5.606612e+20
354 -5.7244354e+20
355 -5.8665296e+20
356 -5.7855257e+20
357 -5.568546e+20
358 -5.998083e+20
359 -6.099976e+20
360 -6.27334e+20
361 -6.0058464e+20
362 -5.70379e+20
363 -6.171363e+20
364 -6.009363e+20
365 -5.5385184e+20
366 -6.39594e+20
367 -6.052458e+20
368 -6.308732e+20
369 -5.961407e+20
370 -6.3504794e+20
371 -5.7469527e+20
372 -6.0752595e+20
373 -6.1956344e+20
374 -6.130375e+20
375 -6.332668e+20
376 -5.964453e+20
377 -6.098488e+20
378 -6.3901434e+20
379 -6.6832384e+20
380 -6.642712e+20
381 -6.193695e+20
382 -6.5952374e+20
383 -6.0713505e+20
384 -6.584404e+20
385 -6.7671046e+20
386 -6.6876245e+20
387 -6.6270905e+20
388 -6.3932214e+20
389 -7.21462e+20
390 -6.896915e+20
391 -6.853547e+20
392 -6.539946e+20
393 -6.644382e+20
394 -6.575096e+20
395 -6.717323e+20
396 -6.697139e+20
397 -6.714702e+20
398 -6.596359e+20
399 -7.384184e+20
400 -6.928882e+20
401 -6.924283e+20
402 -6.731334e+20
403 -6.9075134e+20
404 -7.218511e+20
405 -6.4539214e+20
406 -7.3618584e+20
407 -6.9787386e+20
408 -7.111273e+20
409 -7.560832e+20
410 -7.790134e+20
411 -7.431798e+20
412 -7.2019e+20
413 -7.381735e+20
414 -7.399453e+20
415 -7.43247e+20
416 -7.5085e+20
417 -7.669854e+20
418 -7.654534e+20
419 -7.405118e+20
420 -7.374063e+20
421 -7.564844e+20
422 -7.3428546e+20
423 -7.829182e+20
424 -8.23277e+20
425 -8.2431784e+20
426 -7.518027e+20
427 -7.863917e+20
428 -7.46287e+20
429 -7.503309e+20
430 -7.5284634e+20
431 -7.5417885e+20
432 -7.189372e+20
433 -8.3630536e+20
434 -8.253104e+20
435 -7.6745475e+20
436 -7.964749e+20
437 -7.8685246e+20
438 -8.370906e+20
439 -8.548433e+20
440 -8.729958e+20
441 -8.3472755e+20
442 -7.9156745e+20
443 -8.612618e+20
444 -8.162404e+20
445 -7.969352e+20
446 -8.309131e+20
447 -8.634736e+20
448 -8.2194535e+20
449 -8.6815876e+20
450 -7.984959e+20
451 -8.643735e+20
452 -8.573798e+20
453 -8.6197095e+20
454 -8.5408895e+20
455 -8.725543e+20
456 -8.4034875e+20
457 -8.57546e+20
458 -8.65394e+20
459 -8.722035e+20
460 -8.71944e+20
461 -8.5988325e+20
462 -8.467528e+20
463 -8.392228e+20
464 -8.673154e+20
465 -8.375313e+20
466 -9.4923756e+20
467 -8.810357e+20
468 -8.865875e+20
469 -8.999837e+20
470 -9.260836e+20
471 -9.1889885e+20
472 -9.3239156e+20
473 -9.392582e+20
474 -9.3120915e+20
475 -9.397365e+20
476 -8.9212474e+20
477 -9.7660276e+20
478 -9.014765e+20
479 -9.540886e+20
480 -9.624181e+20
481 -9.038613e+20
482 -9.490191e+20
483 -9.340011e+20
484 -9.0361855e+20
485 -9.5997815e+20
486 -9.5982144e+20
487 -9.373482e+20
488 -1.013376e+21
489 -9.325538e+20
490 -9.1649245e+20
491 -9.248608e+20
492 -1.0198929e+21
493 -9.5008444e+20
494 -9.334483e+20
495 -1.02452085e+21
496 -1.0205966e+21
497 -1.00201545e+21
498 -9.23737e+20
499 -1.00406346e+21
