0 -44413.746
1 -206832.97
2 -4894064.0
3 -75180136.0
4 -616696450.0
5 -1849833900.0
6 -11699439000.0
7 -28859296000.0
8 -75217740000.0
9 -270290300000.0
10 -510694720000.0
11 -987555900000.0
12 -1827188100000.0
13 -3799745300000.0
14 -6368303000000.0
15 -10988751000000.0
16 -20750161000000.0
17 -26787113000000.0
18 -39981180000000.0
19 -69714010000000.0
20 -97876480000000.0
21 -137299275000000.0
22 -216636600000000.0
23 -237558320000000.0
24 -313035440000000.0
25 -474508100000000.0
26 -638673300000000.0
27 -795523900000000.0
28 -896700700000000.0
29 -1285358400000000.0
30 -1730564000000000.0
31 -1606497800000000.0
32 -2857531400000000.0
33 -2341052000000000.0
34 -3192176700000000.0
35 -3528882000000000.0
36 -5459029600000000.0
37 -5395783500000000.0
38 -5853645000000000.0
39 -9396147000000000.0
40 -1.1166826e+16
41 -1.2434688e+16
42 -1.4356546e+16
43 -1.6625925e+16
44 -2.1546436e+16
45 -1.4672545e+16
46 -2.87338e+16
47 -2.9491646e+16
48 -3.1079816e+16
49 -3.7610397e+16
50 -4.5222896e+16
51 -4.5467718e+16
52 -4.724568e+16
53 -5.55371e+16
54 -6.595081e+16
55 -8.32139e+16
56 -7.492143e+16
57 -9.613877e+16
58 -1.128776e+17
59 -1.0777774e+17
60 -1.1135352e+17
61 -1.0381208e+17
62 -1.4397408e+17
63 -2.0152608e+17
64 -1.7975436e+17
65 -1.752119e+17
66 -1.7228414e+17
67 -1.894277e+17
68 -2.731651e+17
69 -2.8329924e+17
70 -3.1651803e+17
71 -2.7193809e+17
72 -3.773067e+17
73 -3.1401523e+17
74 -3.9428494e+17
75 -4.32792e+17
76 -4.510661e+17
77 -4.804636e+17
78 -5.959369e+17
79 -6.104918e+17
80 -6.4916665e+17
81 -6.2183024e+17
82 -8.1824515e+17
83 -7.781951e+17
84 -8.05349e+17
85 -8.626012e+17
86 -9.763365e+17
87 -8.902926e+17
88 -1.2724794e+18
89 -1.07458824e+18
90 -1.2538355e+18
91 -1.0568477e+18
92 -1.48388e+18
93 -1.256951e+18
94 -1.5134184e+18
95 -1.4182029e+18
96 -1.4969808e+18
97 -1.3074176e+18
98 -1.6960545e+18
99 -1.6783407e+18
100 -2.1410181e+18
101 -2.2137834e+18
102 -2.2172958e+18
103 -2.4016833e+18
104 -2.2965847e+18
105 -2.0795613e+18
106 -2.1653206e+18
107 -2.3641894e+18
108 -2.8008486e+18
109 -2.6674512e+18
110 -3.752839e+18
111 -3.5680392e+18
112 -3.2798248e+18
113 -2.7970996e+18
114 -4.1006e+18
115 -5.088824e+18
116 -4.3803444e+18
117 -4.2206453e+18
118 -4.3343447e+18
119 -4.213278e+18
120 -4.600597e+18
121 -5.714328e+18
122 -4.6654164e+18
123 -4.8676155e+18
124 -6.538324e+18
125 -6.1550144e+18
126 -5.495428e+18
127 -6.3571107e+18
128 -6.208732e+18
129 -6.2597264e+18
130 -7.933514e+18
131 -7.221497e+18
132 -7.3423154e+18
133 -8.260172e+18
134 -7.115329e+18
135 -8.22587e+18
136 -9.364559e+18
137 -1.03063e+19
138 -9.600643e+18
139 -1.0332271e+19
140 -9.725249e+18
141 -1.1091162e+19
142 -1.3492541e+19
143 -1.0889227e+19
144 -1.2409219e+19
145 -1.3322707e+19
146 -1.4292413e+19
147 -1.2115005e+19
148 -1.0605325e+19
149 -1.1470165e+19
150 -1.7662819e+19
151 -1.937308e+19
152 -1.6424994e+19
153 -1.3656073e+19
154 -2.1030379e+19
155 -1.9992103e+19
156 -1.9194216e+19
157 -2.2474345e+19
158 -2.334824e+19
159 -1.7559297e+19
160 -2.4864371e+19
161 -2.0399736e+19
162 -2.4664381e+19
163 -2.5848362e+19
164 -2.1074986e+19
165 -2.436129e+19
166 -3.051173e+19
167 -2.8740704e+19
168 -2.504767e+19
169 -2.913638e+19
170 -3.0854922e+19
171 -2.7589007e+19
172 -2.7868703e+19
173 -3.5938468e+19
174 -3.689093e+19
175 -3.9207507e+19
176 -3.9364583e+19
177 -3.4082457e+19
178 -3.5343658e+19
179 -3.626512e+19
180 -3.7953554e+19
181 -2.8778496e+19
182 -4.0192173e+19
183 -4.2634795e+19
184 -4.095742e+19
185 -3.746504e+19
186 -3.748177e+19
187 -4.4530023e+19
188 -5.402033e+19
189 -4.741095e+19
190 -4.046471e+19
191 -4.719768e+19
192 -5.156953e+19
193 -5.0514045e+19
194 -6.127761e+19
195 -5.159955e+19
196 -5.342118e+19
197 -4.956763e+19
198 -5.5569815e+19
199 -5.651429e+19
200 -6.6415595e+19
201 -6.3497623e+19
202 -5.752372e+19
203 -6.025368e+19
204 -5.2878096e+19
205 -6.049712e+19
206 -6.481323e+19
207 -7.416575e+19
208 -5.8713142e+19
209 -8.040617e+19
210 -7.44448e+19
211 -6.254963e+19
212 -9.021809e+19
213 -8.488947e+19
214 -8.3723685e+19
215 -8.667016e+19
216 -7.514367e+19
217 -1.08139475e+20
218 -9.377874e+19
219 -8.66942e+19
220 -8.8948925e+19
221 -1.1053327e+20
222 -8.1035e+19
223 -1.1194713e+20
224 -1.0723397e+20
225 -8.812926e+19
226 -8.841181e+19
227 -9.895135e+19
228 -8.790085e+19
229 -1.0421352e+20
230 -1.1785159e+20
231 -1.0256913e+20
232 -1.10313175e+20
233 -1.0123824e+20
234 -1.0121651e+20
235 -1.2280779e+20
236 -1.1698512e+20
237 -1.3372393e+20
238 -1.2078905e+20
239 -1.5921099e+20
240 -1.3864444e+20
241 -1.4136487e+20
242 -1.5338743e+20
243 -1.5265531e+20
244 -1.39567775e+20
245 -1.373787e+20
246 -1.5339299e+20
247 -1.4022419e+20
248 -1.5619338e+20
249 -1.5981252e+20
250 -1.371758e+20
251 -1.488251e+20
252 -1.3226613e+20
253 -1.4236373e+20
254 -1.5699552e+20
255 -1.8206556e+20
256 -1.5317692e+20
257 -1.614902e+20
258 -1.7077141e+20
259 -1.4298312e+20
260 -1.30833e+20
261 -1.316408e+20
262 -1.5357605e+20
263 -1.3634365e+20
264 -1.7810276e+20
265 -1.7337982e+20
266 -1.6255889e+20
267 -1.7937487e+20
268 -1.6443309e+20
269 -1.7065228e+20
270 -1.5869644e+20
271 -1.737882e+20
272 -1.5404534e+20
273 -1.5562864e+20
274 -2.087189e+20
275 -1.5712735e+20
276 -1.7549092e+20
277 -1.9169465e+20
278 -1.80111e+20
279 -1.6247691e+20
280 -2.0737479e+20
281 -1.9683605e+20
282 -1.9603655e+20
283 -1.6987608e+20
284 -2.0388471e+20
285 -2.3291008e+20
286 -2.0321452e+20
287 -1.8425683e+20
288 -1.981013e+20
289 -1.6139376e+20
290 -1.9392067e+20
291 -1.8780948e+20
292 -1.8533245e+20
293 -2.0612629e+20
294 -2.2050936e+20
295 -2.1395448e+20
296 -1.9140288e+20
297 -2.02168e+20
298 -1.8433457e+20
299 -1.937679e+20
300 -2.5338515e+20
301 -1.9961824e+20
302 -2.1179215e+20
303 -2.05501e+20
304 -2.24641e+20
305 -2.1133966e+20
306 -2.0818653e+20
307 -1.8793432e+20
308 -2.0661219e+20
309 -2.143907e+20
310 -2.2611013e+20
311 -2.1886703e+20
312 -2.4436597e+20
313 -2.4322101e+20
314 -2.260946e+20
315 -2.1310553e+20
316 -2.0960528e+20
317 -2.4715347e+20
318 -2.2871865e+20
319 -2.6117476e+20
320 -2.0519128e+20
321 -2.2697857e+20
322 -2.6038805e+20
323 -2.4245758e+20
324 -2.5132032e+20
325 -2.3041974e+20
326 -2.3240168e+20
327 -2.499055e+20
328 -2.4227137e+20
329 -2.9994994e+20
330 -2.6757002e+20
331 -2.6801512e+20
332 -2.7971294e+20
333 -2.7348869e+20
334 -2.6275109e+20
335 -2.6806808e+20
336 -2.6658787e+20
337 -3.2077782e+20
338 -2.8866123e+20
339 -3.1272025e+20
340 -2.7621643e+20
341 -2.676889e+20
342 -2.903581e+20
343 -2.8418498e+20
344 -2.9506366e+20
345 -3.46699e+20
346 -3.3580507e+20
347 -3.0162683e+20
348 -3.0231162e+20
349 -2.7892147e+20
350 -3.2636855e+20
351 -3.0993973e+20
352 -2.8166511e+20
353 -2.5772417e+20
354 -2.7623836e+20
355 -2.99456e+20
356 -2.670551e+20
357 -2.7768094e+20
358 -3.157837e+20
359 -2.9861828e+20
360 -2.8752947e+20
361 -2.8342672e+20
362 -2.9325059e+20
363 -3.1341063e+20
364 -2.933825e+20
365 -3.0021653e+20
366 -3.198207e+20
367 -3.4915036e+20
368 -3.2019636e+20
369 -3.2712575e+20
370 -3.1960984e+20
371 -3.450062e+20
372 -3.4471037e+20
373 -3.4513652e+20
374 -3.0260664e+20
375 -3.259512e+20
376 -3.5571935e+20
377 -3.3411038e+20
378 -3.5140307e+20
379 -3.5076694e+20
380 -3.7820684e+20
381 -3.779385e+20
382 -3.9011883e+20
383 -3.5081884e+20
384 -3.6253358e+20
385 -4.0096044e+20
386 -3.7509883e+20
387 -3.8912937e+20
388 -3.5108493e+20
389 -3.932806e+20
390 -3.5210138e+20
391 -3.5609315e+20
392 -4.0303378e+20
393 -4.365118e+20
394 -3.9317104e+20
395 -3.9655222e+20
396 -3.536285e+20
397 -3.987129e+20
398 -4.0106866e+20
399 -3.7271347e+20
400 -3.940055e+20
401 -4.2172587e+20
402 -4.1168428e+20
403 -4.0014363e+20
404 -4.386556e+20
405 -4.0353484e+20
406 -4.0930304e+20
407 -4.174381e+20
408 -4.1121355e+20
409 -4.3833827e+20
410 -4.512068e+20
411 -4.309128e+20
412 -4.2236474e+20
413 -4.192016e+20
414 -4.4281337e+20
415 -4.5735627e+20
416 -4.3656776e+20
417 -4.6956898e+20
418 -4.6275756e+20
419 -4.4724815e+20
420 -4.2500125e+20
421 -4.4744547e+20
422 -4.6402248e+20
423 -4.736978e+20
424 -4.8080796e+20
425 -4.59193e+20
426 -4.618584e+20
427 -4.7446794e+20
428 -4.7282005e+20
429 -4.5078344e+20
430 -4.8068544e+20
431 -4.1082927e+20
432 -4.1052175e+20
433 -4.4612968e+20
434 -4.9751547e+20
435 -4.934927e+20
436 -4.7754077e+20
437 -4.7116972e+20
438 -4.5819806e+20
439 -5.082203e+20
440 -5.0892347e+20
441 -5.220931e+20
442 -4.803716e+20
443 -4.861375e+20
444 -4.7955613e+20
445 -5.0859538e+20
446 -5.5614913e+20
447 -5.183301e+20
448 -5.0097275e+20
449 -4.8377396e+20
450 -5.45161e+20
451 -4.67796e+20
452 -5.494243e+20
453 -5.6106893e+20
454 -5.158681e+20
455 -5.377786e+20
456 -5.2136822e+20
457 -5.4405883e+20
458 -5.7748342e+20
459 -4.8953667e+20
460 -5.4278727e+20
461 -4.962738e+20
462 -5.127522e+20
463 -5.2554175e+20
464 -4.9053724e+20
465 -5.478898e+20
466 -5.427762e+20
467 -5.4851377e+20
468 -5.5450535e+20
469 -6.026512e+20
470 -5.058929e+20
471 -5.379002e+20
472 -5.3603166e+20
473 -5.0761715e+20
474 -5.6677323e+20
475 -5.5292832e+20
476 -6.0296106e+20
477 -5.5121234e+20
478 -5.8719557e+20
479 -5.9108056e+20
480 -5.3485488e+20
481 -5.55156e+20
482 -5.695633e+20
483 -5.650318e+20
484 -5.8307534e+20
485 -5.949867e+20
486 -5.3194176e+20
487 -6.0476236e+20
488 -5.671944e+20
489 -5.246607e+20
490 -6.4345574e+20
491 -6.350726e+20
492 -6.078107e+20
493 -5.5972953e+20
494 -5.987018e+20
495 -7.0175434e+20
496 -6.0253075e+20
497 -5.83971e+20
498 -6.174028e+20
499 -5.7650364e+20
