1 -1378.1072765943288
2 -1229.353894976191
3 -1648.9272948186774
4 -1347.359652155289
5 -1217.8876966346902
6 -1345.3572839985216
7 -1279.5323705894234
8 -1723.0751385570195
9 -1349.5403914345893
10 -1386.7162226557293
11 -1718.3180991316262
12 -900.386512164048
13 -1158.6678851147326
14 -1338.9761858796082
15 -1175.656611699185
16 -1474.8176466136094
17 -1173.2869384893702
18 -1070.1000517675839
19 -1333.236197260603
20 -1350.1044626859336
21 -1648.169956779298
22 -1174.8549716441808
23 -1354.623543205855
24 -1365.2816391361898
25 -868.7462538648795
26 -1308.2407530276444
27 -1181.2093450644134
28 -1163.3682711981737
29 -1265.137584096429
30 -1151.5972008681365
31 -1606.8992993284428
32 -1350.5710724480416
33 -1360.322500338931
34 -1608.9709571720825
35 -1361.6052766662497
36 -1175.3846873247232
37 -1156.0503653255819
38 -1189.077225091513
39 -1059.7684916851858
40 -1059.9967377555704
41 -1731.5138505071398
42 -1356.236701998968
43 -1316.7286449284386
44 -1363.3077344549772
45 -1355.2211182551014
46 -1535.4284633621457
47 -1740.2570724644254
48 -1356.669653164735
49 -1154.1639043473226
50 -1474.7652197388536
51 -1696.1543256439118
52 -1172.245069658673
53 -1064.2534863347632
54 -1236.215555116445
55 -1524.539512448531
56 -949.6587327984256
57 -1039.186690410526
58 -1204.4349003461737
59 -949.6383440947898
60 -1653.207667389135
61 -1731.7703592340554
62 -1064.8036964601245
63 -1719.9257816218617
64 -1097.933041075791
65 -949.1421167829262
66 -1352.4975690320466
67 -948.7692005143937
68 -1322.1095075314286
69 -1732.8325755522508
70 -1735.7928579377713
71 -1349.168103684047
72 -1557.6058920241019
73 -1460.8170481056186
74 -1722.7255845873826
75 -1347.6031151343886
76 -1298.6352330268126
77 -1350.944260486015
78 -850.5163276058439
79 -1647.955379721378
80 -1565.7045567467164
81 -949.1711009554076
82 -1355.4083535063137
83 -1731.6205886956932
84 -1169.398752787398
85 -1094.3784121097465
86 -1238.7500439285564
87 -1372.9905400305436
88 -1264.907990851633
89 -733.692048944704
90 -1377.3804563475776
91 -1274.140842140765
92 -1347.2844589381298
93 -947.9343154325218
94 -1503.8830467293662
95 -1155.8147718422329
96 -1147.8513125664415
97 -1404.3822690040595
98 -1390.5820679468743
99 -1230.5294075483039
100 -1648.0915600796216
101 -1329.4495708778204
102 -1270.9636866886067
103 -1347.511115610644
104 -1722.1013896859497
105 -718.0307603226953
106 -1423.0332040053493
107 -1355.5819460301097
108 -1303.012543346999
109 -1375.8936331631994
110 -1341.8307028995744
111 -1303.9673473968428
112 -1576.7489168116663
113 -1063.1929064282242
114 -1382.158404996546
115 -1363.3280446644321
116 -1360.653673413108
117 -735.4656927540196
118 -1526.8112329307153
119 -1168.2025860824294
120 -1343.9357337197348
121 -1357.78639697897
122 -1457.964573222431
123 -1599.7168154804542
124 -1367.1659710043511
125 -1369.7913363229773
126 -1025.1298998953225
127 -1667.3309485124896
128 -1542.7252652188304
129 -1570.2683514546663
130 -1545.1025023861193
131 -1266.6967176760095
132 -1423.3819674203428
133 -948.354238183902
134 -1346.884748944151
135 -1347.994744419103
136 -1337.949674669667
137 -1347.2375040687282
138 -1342.7650135097133
139 -1730.0918175214972
140 -1353.5409151889075
141 -1562.7290114223465
142 -1040.0882208458922
143 -1384.2697052100357
144 -1366.1170491742544
145 -1357.4645792257663
146 -1347.4930482627797
147 -1709.4001748311898
148 -1240.3527406142089
149 -1296.0416972492085
150 -1697.9298586249333
151 -1334.8687039325255
152 -1017.366908358749
153 -1340.1648563296935
154 -1297.4198641198675
155 -1467.8570682103834
156 -1377.2524686846232
157 -1328.9686625955692
158 -1352.3587894645113
159 -1030.3905638708804
160 -1116.711692980898
161 -1649.2378967560937
162 -1487.287111847578
163 -1092.947616004211
164 -1689.278073424728
165 -1354.5346264430984
166 -950.8392094322555
167 -1342.1212190789258
168 -1307.353351756932
169 -1494.434746146432
170 -1476.3249193593963
171 -1033.83043704773
172 -1359.650744860513
173 -1316.9794460910261
174 -1308.6473880452459
175 -1607.9105017777513
176 -1313.519991117349
177 -1332.2254154461423
178 -1699.9437511264327
179 -1337.8569927897488
180 -1299.664076565964
181 -1270.7542243923938
182 -1200.7753310526432
183 -1195.714432893115
184 -1372.9323485220548
185 -1326.6650934463632
186 -1539.0032655129987
187 -1358.2375225651813
188 -1345.886534449555
189 -1156.5107890135434
190 -1176.3656650861162
191 -1349.4389220814026
192 -1365.8874287523172
193 -1264.3108325279334
194 -1649.8501727843288
195 -1366.5733242436195
196 -1450.2554913800434
197 -1368.0937246080175
198 -1391.9869987595816
199 -1372.1148489042725
200 -1702.0862726086596
201 -1178.6104678537042
202 -1057.7802663437935
203 -1226.7435642596413
204 -1522.0281020013638
205 -1320.6375454676274
206 -1349.0856555902103
207 -1730.113047617768
208 -1480.2833166643475
209 -1185.622854272488
210 -716.6605630676274
211 -1382.3762925547805
212 -1340.1770821658959
213 -1646.6945979655934
214 -1365.0884355965893
215 -985.4194337427408
216 -1352.1717522996184
217 -1182.6061831535405
218 -1057.4780021902252
219 -1606.2148989452926
220 -1357.636604787541
221 -1417.1293188105403
222 -1373.2308138589403
223 -1378.5985075453943
224 -1321.8974792642618
225 -1610.9100086951157
226 -1331.388664880755
227 -1682.7357359554564
228 -1215.281823831342
229 -1182.6554656001179
230 -1600.9898577897447
231 -1501.3790950810774
232 -1731.1478919491985
233 -1419.7566258109239
234 -1347.5291962814144
235 -951.2509597435592
236 -1561.5123672347647
237 -1359.2608062794036
238 -1296.808611197749
239 -1692.046138862421
240 -1368.8494930607133
241 -1383.3185603178008
242 -1348.7237598423922
243 -1447.4076568120802
244 -1733.968848119618
245 -1542.6977179128887
246 -1166.0220313206498
247 -1459.3310245195678
248 -1311.2184418808988
249 -1651.7984299763687
250 -1440.356308694063
251 -1079.4282079345355
252 -1725.5452092310684
253 -976.3139365467781
254 -864.8969884938485
255 -1363.226762323121
256 -1175.5310447079876
257 -1605.3094972387798
258 -1465.7470932295487
259 -1451.993221910041
260 -1206.0339073237071
261 -1357.0862040357713
262 -1348.1464047983682
263 -1424.3264427093245
264 -1252.037528895609
265 -1302.3644258602742
266 -1171.5056655017736
267 -1383.9055741022012
268 -1343.6857131547024
269 -1735.758014642441
270 -1385.126535693658
271 -1540.962961210558
272 -1602.4109028632158
273 -1062.6674657947417
274 -880.365382513062
275 -1355.0098999340403
276 -960.9057344159766
277 -1275.6868743884172
278 -1720.8351170704088
279 -1050.6881188188045
280 -1149.629110002902
281 -1382.3385885465416
282 -1679.630642983493
283 -949.7954475491574
284 -1256.9183403621735
285 -1229.9214765408515
286 -1383.4203027164717
287 -1355.9015141677503
288 -1564.9034674400225
289 -1714.913716200023
290 -1615.4799475677194
291 -1294.2644228408903
292 -717.2981734831229
293 -1324.6719420023298
294 -1495.5336705820737
295 -1045.7626663710234
296 -1363.3278389335662
297 -1337.577903755378
298 -1161.5452231538884
299 -1021.5378761532043
300 -1381.844014657055
301 -1477.7478637109812
302 -1210.9324492946967
303 -1338.5257128681683
304 -1374.4538470433174
305 -1078.024381830506
306 -1061.5753767792812
307 -1678.3004356875176
308 -1171.6746420669951
309 -1374.9764039760864
310 -1312.1163759135216
311 -1195.1484147735478
312 -1637.5335507847913
313 -718.8388847577667
314 -1373.6423846748846
315 -1333.5335909793262
316 -1371.644774733807
317 -859.6006544669984
318 -1268.224527651142
319 -1273.8677902141164
320 -1142.5905688985806
321 -1058.3176211290709
322 -1261.4628244055737
323 -1360.6981137126756
324 -1162.0782918736716
325 -1358.5754019240562
326 -908.006911856261
327 -1353.138858204538
328 -1393.6491771966548
329 -1116.7548460001426
330 -939.0628471971752
331 -1375.272991873824
332 -1372.7232994020533
333 -1366.8524124777518
334 -1375.2749883696135
335 -957.1448965474873
336 -1353.2363174700072
337 -1728.7519767621584
338 -1362.7734270423225
339 -1062.2526650284863
340 -1737.7112920728096
341 -1349.9499792566721
342 -1485.6381506575303
343 -1135.6684275642283
344 -1366.4216859212233
345 -1146.0360294795498
346 -1100.1159788080124
347 -1460.7383411122855
348 -1340.7805954269459
349 -1158.472710683172
350 -1377.00076631097
351 -1645.4008036984862
352 -1497.7489283578545
353 -1178.9757207208977
354 -1284.7318810679221
355 -1596.8496093265267
356 -1718.5172238103605
357 -1371.6495609161936
358 -1321.3928174276762
359 -1631.5591812747143
360 -1267.2211496372702
361 -1085.2752189877929
362 -1619.343469724527
363 -1722.9283970677136
364 -1167.3962832487746
365 -1061.4439270223531
366 -1350.1408962146686
367 -1188.7755335956324
368 -973.6921707106048
369 -1610.7438407227908
370 -1489.6724559675636
371 -1613.7001632662161
372 -1663.3815098885352
373 -1383.8494632433442
374 -1067.0974759966239
375 -1340.7247518704705
376 -1251.06242091196
377 -1340.693869223705
378 -1480.6196836798888
379 -1354.7254717674195
380 -1304.9101897886417
381 -1591.3322817744406
382 -1306.8059172347284
383 -1357.8760036276099
384 -1292.9099840841097
385 -1093.7272653833938
386 -1724.731902001871
387 -1361.699587025195
388 -1325.657454751746
389 -997.4143190617862
390 -1554.712342453957
391 -1098.5471544339293
392 -1733.0359033617676
393 -1367.1176589047252
394 -1378.9089587932315
395 -1324.5679092078174
396 -1350.3255854184335
397 -1374.6777740028613
398 -1005.0112816943788
399 -1353.140576066019
400 -1368.6469500380897
401 -1382.8852547743274
402 -948.7231276906867
403 -1218.3399575605815
404 -1382.4363298569765
405 -1584.9178705355453
406 -765.9867582997126
407 -1061.6620743556607
408 -949.225810904018
409 -1288.8221354814245
410 -1529.035165618305
411 -1363.5525912897754
412 -1208.0782544405677
413 -1245.5433036507718
414 -1339.9874258122709
415 -1734.3513004786196
416 -1361.635631976346
417 -1349.1780627240819
418 -1300.459137440748
419 -1512.8921740369808
420 -1347.6479157227295
421 -1566.8731465494416
422 -881.351443667473
423 -1453.3702809174135
424 -1330.6879550097974
425 -1337.1135867561622
426 -1165.5727514680605
427 -1058.2862979834026
428 -947.7112491907162
429 -1368.2453960341259
430 -1729.207810542973
431 -1285.7996146643368
432 -1485.1582644974292
433 -1221.9285797340601
434 -1365.0405880360202
435 -1473.9889051450348
436 -1517.0941743612618
437 -1181.1827929320755
438 -1734.501032255733
439 -1381.6682045505302
440 -1731.9251051438455
441 -1347.9681646084484
442 -1366.6739687939455
443 -1339.6421742361817
444 -1410.3398328010983
445 -1326.98863759864
446 -1100.5835346864578
447 -1186.5737964365544
448 -1402.989490362952
449 -1054.7498230395645
450 -1356.091760056967
451 -838.5215472666541
452 -901.1895809353339
453 -1365.201648913317
454 -1199.6301817998879
455 -1368.126399110578
456 -1402.803960754047
457 -1365.9021482530957
458 -1347.8203735188013
459 -1186.5390054428333
460 -1732.4619172340415
461 -1155.1648256846886
462 -1164.7699822999532
463 -1730.5702321469723
464 -1429.5575575667312
465 -1688.6193553014398
466 -1341.3446255365343
467 -1348.2682752062453
468 -1273.7672199124736
469 -1328.7610470605575
470 -1635.3110203971114
471 -1350.6132563784518
472 -1170.6216724314845
473 -1365.101951722047
474 -1365.464364201888
475 -1406.2239050338328
476 -1348.5842453077935
477 -1391.8673306053117
478 -1360.4959491351774
479 -1134.4227217052787
480 -1176.7445877214518
481 -1251.1353938178145
482 -1365.1283489391167
483 -1640.0848662415644
484 -1357.952827088859
485 -1054.011626138848
486 -1733.5527750302022
487 -1031.521021135907
488 -1379.7806532414725
489 -1355.5445025781003
490 -1652.9184492730164
491 -1145.259730239122
492 -1403.0858014849377
493 -971.4170824370683
494 -1353.8600760180984
495 -1147.4436851837208
496 -1528.117485762873
497 -1660.7557639076188
498 -1392.0982192819458
499 -1346.9268253745286
500 -1194.1983236218323
