1 -1368.6592380057316
2 -1246.8603882802595
3 -1053.476120890762
4 -1373.1324535284275
5 -1305.3547765699275
6 -1525.0821025765674
7 -1317.8169307737105
8 -1432.5506010941458
9 -1158.1054419794991
10 -1732.4504454199712
11 -1338.5243585244211
12 -1094.871689569891
13 -1676.2576026610732
14 -937.1486632821969
15 -1203.01452912741
16 -1148.6960276940836
17 -1091.3955537177658
18 -1065.4181758514217
19 -1663.4926874837543
20 -1154.524818588729
21 -1377.9996592631078
22 -1731.8041485378942
23 -1189.0130827780588
24 -1496.9171326951434
25 -954.1675788714259
26 -1257.951615557556
27 -1370.1503170869387
28 -1697.2474002079466
29 -1365.639816437349
30 -1165.9036894230537
31 -1712.3421641807006
32 -849.5392334967537
33 -1733.777002879698
34 -1060.1741730290757
35 -1733.9569611696984
36 -1325.7296625646252
37 -1304.8674126875364
38 -1308.3609681228716
39 -1192.1256794074752
40 -1712.591423663752
41 -1419.212101771443
42 -1681.380019715269
43 -948.8002320481655
44 -1286.4905363740847
45 -1517.8008581372796
46 -1342.3507431383885
47 -1017.0349729880234
48 -1057.3877691173348
49 -729.3885646819188
50 -755.8587699890124
51 -1729.9661480170694
52 -1331.903746153709
53 -1357.212856159115
54 -1738.5024159349798
55 -1344.2900432865458
56 -1549.27975172241
57 -1176.1324206421637
58 -1584.4483683184794
59 -1319.0286223722856
60 -1191.2229144161877
61 -1712.8371902644903
62 -1320.81076446569
63 -1278.8221160833766
64 -1504.9882879843062
65 -799.8779266342568
66 -1351.5562776324095
67 -1268.6181901166372
68 -1329.0353714585367
69 -1342.7296527322926
70 -1165.7305327187237
71 -1340.788388898304
72 -1358.6406641122621
73 -1030.33934524767
74 -1392.0881047446017
75 -1171.4510596351217
76 -1349.6596489658948
77 -1359.7271880264946
78 -1735.919708265136
79 -950.3285443483046
80 -1315.729862926094
81 -1705.1995724384453
82 -1575.9308564441394
83 -1509.8149266046594
84 -1356.2301267303326
85 -1345.1292453076123
86 -1035.2255200337836
87 -1262.5232174981259
88 -1284.5720556315898
89 -1294.3342327592145
90 -1308.3876229766886
91 -1548.7069993691812
92 -1058.7257216864832
93 -946.8680412611391
94 -1073.3296085469883
95 -1531.5700325614457
96 -1047.5459696434368
97 -1406.992348753627
98 -1454.5954246509416
99 -1118.1819700708331
100 -1528.5097252636642
101 -1189.7829495649994
102 -1357.7767103621018
103 -1291.6432976594376
104 -1172.2582306018057
105 -1681.0948496684546
106 -1111.8062861154053
107 -1380.186177302157
108 -1513.1151771991154
109 -1236.8336472091987
110 -1297.1042327998086
111 -934.7322103836042
112 -1361.1427049761273
113 -1731.0915838579253
114 -1637.9392999465326
115 -1330.906542594796
116 -1237.907902731613
117 -1220.485637800857
118 -1280.8636478456738
119 -1247.9292052158933
120 -1634.6547605040728
121 -1725.5233005566974
122 -1356.485751313782
123 -1534.7190044221913
124 -1640.730118298867
125 -1079.0002323856809
126 -1101.7130554820467
127 -1035.45875361192
128 -1731.2245745674181
129 -1299.6833713961773
130 -717.9182993013992
131 -1281.667907251658
132 -1344.9907392065572
133 -1242.0109609709828
134 -1624.9391991038585
135 -1163.4411310501478
136 -1423.2572178142748
137 -1367.261360709442
138 -1164.9316641441205
139 -1481.0235679282857
140 -1359.4073183693333
141 -1388.3715506593244
142 -1285.1174106968597
143 -977.0940823029132
144 -1287.0574725100157
145 -1048.793046266
146 -1356.2411078901077
147 -1350.2081858720887
148 -1729.9651484887684
149 -1459.8256542504243
150 -734.7523707406331
151 -1510.0436321994976
152 -1358.5902432829773
153 -1128.7336367552327
154 -1358.6691214355365
155 -1309.024316884347
156 -1383.0116967175325
157 -1355.5258531835461
158 -1175.6032918359401
159 -1517.423767877774
160 -1396.2763544396844
161 -1353.5801548154889
162 -1263.1215829604907
163 -1055.9496229105032
164 -1026.7200720083858
165 -1367.622985883467
166 -1374.6673391728366
167 -1735.6109585078952
168 -763.1796788152485
169 -1360.0047952635064
170 -1733.260905156925
171 -1377.3946372523994
172 -1364.598350747396
173 -1361.2469624640244
174 -1364.9635353202045
175 -1050.4668033434648
176 -1191.2927481669096
177 -1320.9028216285265
178 -1299.2586388955137
179 -1358.2564147822152
180 -1736.8003308281027
181 -1738.943406541728
182 -1623.5000002255065
183 -1331.6601913594995
184 -1126.8258207553183
185 -722.4437378688551
186 -1351.7106239927607
187 -1350.9459194486924
188 -1104.8919213807371
189 -1060.8678997962622
190 -1057.431290688934
191 -1524.2347961422015
192 -1225.9816500157463
193 -1486.7196445977288
194 -1391.6442400822464
195 -1269.1362213953742
196 -1674.2915204187073
197 -1372.634488803186
198 -1498.5579540668655
199 -1635.8413664091408
200 -1307.6753828330714
201 -1210.7285340546598
202 -1046.7964081984846
203 -1072.6258191932836
204 -719.8575995422455
205 -1355.2398214547848
206 -1208.429663728842
207 -1232.1901444176908
208 -1352.8490299883663
209 -1150.0894348920294
210 -1691.1208457923995
211 -1340.9401982982833
212 -949.4366162498402
213 -1366.0164122909036
214 -942.9444747538053
215 -1445.6447036240502
216 -1063.4026481679607
217 -1674.6473222767097
218 -1171.9414781077683
219 -1328.1386423505753
220 -1603.8167211395137
221 -1693.7441151973912
222 -1506.0541237830425
223 -1239.7860355236253
224 -1159.8184979369023
225 -1373.7677583373145
226 -1232.4570873224952
227 -1193.2531248010662
228 -1322.762751596033
229 -1173.5858942046082
230 -1734.2736392828967
231 -1344.5998879311921
232 -1409.6075338035662
233 -1626.1676280082422
234 -1350.5901912012657
235 -1298.3820329736552
236 -1320.499509106402
237 -1633.722336814585
238 -1352.0194507130257
239 -1341.7927972770253
240 -1731.376376356216
241 -1342.5860808954947
242 -1579.970906985408
243 -1729.0652126743687
244 -1257.930611640841
245 -1359.5473101531622
246 -1383.9600005769153
247 -1227.1946937576047
248 -1264.5348894217748
249 -1699.6412986468702
250 -1373.1418542633269
251 -1733.356870523703
252 -1414.724199451179
253 -1057.2404545822037
254 -1506.161203148625
255 -1014.2961270605917
256 -1342.2062832576992
257 -1723.7195374372197
258 -1258.3301950050227
259 -1355.6649953366393
260 -1151.1503955853295
261 -1309.9441709261748
262 -1717.6834608540958
263 -1682.9366725939344
264 -1166.9761657393246
265 -1172.9949995217837
266 -1334.9454870261286
267 -1305.1654393292577
268 -1360.815867091042
269 -1058.4250661620742
270 -1259.8858642828673
271 -1702.5029817047746
272 -1385.1664333161698
273 -1196.582870070659
274 -1277.7455196346486
275 -1736.2420544508498
276 -1197.2011622324765
277 -1568.0419990092914
278 -948.8969223303438
279 -1636.8296750035415
280 -838.3497504897347
281 -1399.2300873695556
282 -951.851933828175
283 -1054.8867772983099
284 -1692.180514530564
285 -1456.6623045906888
286 -1646.2394900822035
287 -1263.4289445833242
288 -1339.3325169254683
289 -1185.0854148827318
290 -1343.960952239434
291 -1411.2434897244552
292 -1363.0091154363315
293 -1332.5747772990364
294 -1730.5573789864918
295 -886.3702374885047
296 -1060.5955113281482
297 -1311.565865893971
298 -1317.7945267140062
299 -1437.8343506881286
300 -1729.8378030132355
301 -1732.6033166566167
302 -1701.2125276651338
303 -1500.9214296469943
304 -1385.15736155458
305 -1156.3890961553966
306 -1311.5053558100199
307 -950.173605045243
308 -1356.7309597980732
309 -1360.353835580115
310 -1718.1614787940032
311 -848.1745514557471
312 -1268.2818847340066
313 -735.9273587471253
314 -1694.5879534663313
315 -1553.4339926521345
316 -1733.67288460535
317 -1361.0734885716706
318 -1635.813813957823
319 -1366.778852821273
320 -1696.0622413228373
321 -1331.6836711059157
322 -1468.6151585455332
323 -1264.7513666945563
324 -1144.6336152096496
325 -1286.1664965397645
326 -1737.6296372663023
327 -1342.178360802487
328 -1370.5732216655247
329 -1337.067311620207
330 -1738.018240548404
331 -1356.3207383899473
332 -1080.7017057532548
333 -1729.3662106797753
334 -1064.744292508365
335 -1730.3670707889187
336 -1383.2763404066054
337 -1285.2281927821546
338 -1337.0175061109278
339 -1339.52537542402
340 -1269.233902539039
341 -1062.5545136509038
342 -949.0733614128163
343 -950.8096913854064
344 -1575.8477826367223
345 -1518.8224330597436
346 -1370.588074204014
347 -1464.066931700057
348 -1352.27083657383
349 -1086.9976125880692
350 -1604.5950984888925
351 -1295.9467402246373
352 -1158.500672985265
353 -1337.9290235698866
354 -1544.7292178887647
355 -1074.1040781297029
356 -1458.4613220177837
357 -1355.994393641577
358 -1610.7191957059015
359 -1349.971460755736
360 -1475.550197766468
361 -1720.590891384324
362 -1068.4974153751048
363 -1720.197994574244
364 -1690.1101918166491
365 -1299.303439246703
366 -1376.8848556598787
367 -1166.945837199622
368 -1726.4620200606562
369 -715.7954277376997
370 -1013.7229710139569
371 -870.0267192933115
372 -1362.8453547478978
373 -1209.2877517945876
374 -1352.3837903974288
375 -1162.7787014293535
376 -1356.6461933670314
377 -949.3968009986202
378 -958.3911274420859
379 -1026.038263883283
380 -840.408572933928
381 -1360.6025357165663
382 -1338.3399116476203
383 -1647.3773090862776
384 -1220.512305423993
385 -1348.4157576472896
386 -1352.1969576661209
387 -1365.0500797369955
388 -1369.3083672098687
389 -1426.1926005512964
390 -1060.788988167558
391 -1608.3925295094593
392 -1589.0788664817442
393 -1373.7142404780654
394 -1360.7841446463437
395 -1732.723974756283
396 -1335.6158623533715
397 -945.2373935444527
398 -1377.4480625866468
399 -1188.5150484941998
400 -1674.6344698999296
401 -1374.8541277143381
402 -1349.7347084423382
403 -1599.186966318346
404 -1597.8357303497235
405 -1357.8588427158213
406 -957.6229005990108
407 -1366.126998685326
408 -976.4527149841325
409 -1347.901000775182
410 -1426.126880961
411 -1561.9730824643793
412 -1377.0349996236437
413 -1265.7135549885581
414 -1733.1190208572673
415 -1345.8687921447827
416 -1347.6336655999135
417 -1723.8546200198327
418 -1156.4714439471127
419 -1527.1182874514325
420 -1536.837520092931
421 -1048.606936435148
422 -1598.1880822388553
423 -1201.4453906816198
424 -1665.6405800877599
425 -1360.2204185921923
426 -1086.050868950918
427 -1348.3637884597506
428 -1179.6585948682612
429 -1542.9254726300799
430 -1286.2016475134144
431 -1495.5807312214924
432 -1182.6686140826928
433 -1317.2986541801251
434 -1070.522815634979
435 -1596.981206882714
436 -1730.098738483476
437 -1657.030257193046
438 -1171.0434729614785
439 -1140.9909825730913
440 -1726.2225100287142
441 -1474.5853357114709
442 -937.7705255452084
443 -1365.5037617855935
444 -1475.6841921405935
445 -1225.2248673147587
446 -1732.7508396799797
447 -1734.3281414076112
448 -1729.0869245169804
449 -1736.5163998211415
450 -949.6668359428512
451 -1737.622374515654
452 -1325.6803899291492
453 -1264.462960095769
454 -1425.761118148231
455 -1350.4137780238625
456 -1165.2252318506992
457 -1350.6875448460623
458 -1719.9972301690646
459 -1594.2426628537619
460 -1357.6700136176498
461 -992.8269967842018
462 -1346.9049299090746
463 -1356.291172184845
464 -1499.442777760863
465 -1381.2730797688055
466 -1698.0581814471834
467 -1368.9456407290888
468 -1164.9228088611044
469 -1365.1052065674587
470 -1363.054018333957
471 -1560.9523947417606
472 -1375.7216060353785
473 -1298.2659237420405
474 -1343.308591685633
475 -1359.360587976776
476 -1504.3114894711125
477 -1729.7115269414453
478 -842.6961708608152
479 -1601.480289430521
480 -1458.0815880702992
481 -1355.1872793568375
482 -1365.5946585452505
483 -1252.5733538877078
484 -1618.6559859798692
485 -1331.9894163541828
486 -1067.0543441048583
487 -1074.9518933995837
488 -1477.9681313179954
489 -989.9569508068469
490 -1359.0539053568937
491 -953.2895955054258
492 -1361.7509425024743
493 -1731.1269215592022
494 -1623.8476803784788
495 -1320.2651234466732
496 -1369.870708428111
497 -1376.3590069991183
498 -1399.22784819
499 -1070.799011966373
500 -1359.3956609114598
