1 -1091.3614471397657
2 -1367.9419034696773
3 -1347.6833750020317
4 -1732.9185881906358
5 -1355.747021153237
6 -1168.7052432939236
7 -1361.0439574877537
8 -1343.060859324135
9 -1371.971429951645
10 -1268.0799368043733
11 -1057.4188796444728
12 -1622.571397747487
13 -1383.1782632936906
14 -1171.0482404708002
15 -1354.6277421426153
16 -1518.3412179140169
17 -1430.9630859616852
18 -1366.0281561800853
19 -1740.1123342570259
20 -1367.9398253225643
21 -1730.1245084427035
22 -1191.6126534585442
23 -1334.5772439310629
24 -1732.5034033661761
25 -1351.8997545572179
26 -1518.8443236768555
27 -1363.290063591307
28 -1484.3770058069274
29 -1553.7930377854502
30 -1429.722075306103
31 -901.3009002998126
32 -1364.0949303104935
33 -1603.1126760692796
34 -1383.4965278483178
35 -1192.5473478805204
36 -1036.1991771787082
37 -1344.6713990151698
38 -1380.8181501443844
39 -1499.4934898540641
40 -1212.063284301299
41 -1431.7013051708273
42 -1348.2272919333434
43 -949.7779957683757
44 -1737.3131597660629
45 -1733.4307912848765
46 -1716.3790795809166
47 -1289.2974056518894
48 -1699.7568175826275
49 -1472.3832065107172
50 -1340.1358916594447
51 -1265.5327637393311
52 -1445.482718430052
53 -1159.1644332736164
54 -1214.136946372309
55 -1613.8221681969299
56 -1227.8198322048581
57 -1613.394672873394
58 -1520.9634488234033
59 -1739.854487630314
60 -1019.7222379970436
61 -911.768057741249
62 -1349.7501792182327
63 -1309.7210603253004
64 -976.270448509888
65 -1299.0554094323393
66 -1308.8163722924762
67 -1184.9650495302108
68 -1503.8027765562563
69 -1665.935528166769
70 -1057.0747176937175
71 -1538.1559437897317
72 -1158.7595276617049
73 -950.5203193512064
74 -1451.7733252446756
75 -1093.041473726223
76 -1287.303913288433
77 -1367.3526112871123
78 -1175.2154389739499
79 -1368.3189049135938
80 -1371.0120552923256
81 -1372.7476479845711
82 -1340.370172575369
83 -1408.7192348831284
84 -1614.8255663311718
85 -718.7841197859102
86 -1502.1000654649881
87 -1061.8923629285714
88 -1576.1808883018302
89 -1067.6145474479258
90 -1291.8828240170149
91 -1673.5913324822334
92 -1636.766880429669
93 -1069.6947660257363
94 -1202.7597437804095
95 -1351.5362378335449
96 -1360.6958216592889
97 -1310.1051929146931
98 -955.2516189755393
99 -1679.1413030749607
100 -1698.5355823673049
101 -1495.7341548649179
102 -1286.2625688298463
103 -1732.3982336908052
104 -1556.6934439899503
105 -1730.3793076805555
106 -1734.4975916024443
107 -1668.6537466362297
108 -1060.3877089681398
109 -1218.6352391060093
110 -1358.3613709995122
111 -1665.6994318445281
112 -1261.7021563056483
113 -1343.3050273279928
114 -1356.3391276880316
115 -836.2413905471764
116 -1296.1218049179167
117 -1387.339268919386
118 -1731.530003629361
119 -1334.2783295386512
120 -1361.7055718646686
121 -1375.3338472808853
122 -1562.4008160830965
123 -1336.2675414829068
124 -1192.6341027575147
125 -1719.0754715717135
126 -1327.7051185466719
127 -1110.8015409082577
128 -1323.6400957121284
129 -729.6843658665954
130 -1504.3970560068358
131 -1377.0804569612874
132 -1344.8641431142146
133 -948.8389644653392
134 -1053.039586044043
135 -844.9377471161099
136 -1187.9669063752622
137 -1308.477934069619
138 -1367.2896985011218
139 -1353.3615155936666
140 -1469.9307471024829
141 -1349.2591089625334
142 -1730.3215685073433
143 -1439.4463319209558
144 -1054.9386993715027
145 -1112.7776712575048
146 -830.2662723299092
147 -1562.215094236534
148 -1334.1780338056312
149 -1539.8112051106045
150 -1419.3680328425862
151 -1343.6423583773828
152 -1535.8699239732255
153 -1259.7579392051016
154 -1436.9014368215685
155 -1336.5031325574412
156 -1363.5031217604442
157 -1199.1584759417217
158 -1591.498983743477
159 -1264.9231060580928
160 -1369.1666810265756
161 -1349.2508592646932
162 -1272.5309529739961
163 -949.0132004894745
164 -1372.6708794801843
165 -771.4538820398553
166 -1219.9505195124132
167 -1425.6745317871632
168 -1357.1551696025401
169 -961.7775041256695
170 -1425.0260062327516
171 -948.807636242534
172 -1342.0870307768566
173 -1377.7670179321378
174 -1734.2267827910134
175 -1691.9801496953476
176 -1339.7307225134398
177 -1552.9628817462817
178 -1329.7357720986813
179 -1731.2272077362795
180 -956.850347157763
181 -1293.5900695216922
182 -1653.695579901101
183 -1355.138664828409
184 -1361.6934135976403
185 -1226.8762807134283
186 -1332.8945631948172
187 -948.6363250933482
188 -1342.7301002264278
189 -1320.9228304120504
190 -1210.7961387733533
191 -1168.4215979228868
192 -1060.1522280562672
193 -1640.8093323748028
194 -1322.2891552663102
195 -1383.4425010031584
196 -1461.9290846558838
197 -1368.677852036058
198 -1317.4829179195551
199 -1060.748292641093
200 -1163.1578998968141
201 -1647.2272436946641
202 -1355.0662436098335
203 -874.8332628117897
204 -1166.8597291286337
205 -1647.8074308073844
206 -1564.3083038389732
207 -949.3612816803496
208 -1593.3695968978259
209 -1091.3547992113483
210 -1309.814111172296
211 -1004.8476848422245
212 -1302.6945624798661
213 -1377.425793663974
214 -1348.844617202764
215 -1172.1372827391936
216 -1173.2906368774684
217 -1383.491801931644
218 -1726.9256569704496
219 -1129.7519488742569
220 -1373.6390399394807
221 -1736.1563647821395
222 -1057.4690076078837
223 -1347.6020980940614
224 -1694.908219636606
225 -1382.124303005019
226 -1098.6423752106293
227 -1210.8184992494187
228 -1373.5350244758583
229 -1053.2318737311366
230 -1313.9456038045405
231 -1181.7168954277308
232 -1300.0246901233322
233 -948.2861605644725
234 -1347.6698402109917
235 -1271.6548928976176
236 -1068.9898293055994
237 -1372.8948260849252
238 -1564.1314447415232
239 -933.016340660553
240 -1163.9922655472171
241 -1340.1723399881485
242 -1429.0710669584598
243 -1671.4628405751425
244 -1505.0049691717238
245 -1463.9360477858527
246 -1182.583228567667
247 -1175.3977190820387
248 -1637.0294787686244
249 -1336.0518772297885
250 -1511.1030904946667
251 -1358.2429264373031
252 -1558.1537835100523
253 -1368.5893605007984
254 -1693.4919649520757
255 -1353.041813066311
256 -1375.6559669291612
257 -1524.1002148905866
258 -1731.9635591655813
259 -1212.1196114353227
260 -921.3728090049785
261 -1730.6043596878512
262 -1148.1618062178063
263 -957.5975634064617
264 -1265.7709866335751
265 -1347.5248199547025
266 -1679.17174319963
267 -1545.1562016290063
268 -1168.3506504994177
269 -1733.898303907864
270 -1354.8605488363455
271 -1344.606610448753
272 -1377.210871040103
273 -1174.349135036068
274 -1526.4063635651273
275 -1298.1106886926382
276 -1486.6176821366855
277 -1417.1244742629647
278 -1171.6876345560436
279 -1361.2236508489416
280 -1368.3016039853107
281 -1672.701304491588
282 -1290.7162569896404
283 -1361.997545317024
284 -1013.8874871817533
285 -1154.852906929255
286 -1159.1215249956074
287 -1332.1334457842243
288 -1306.5166275476809
289 -1334.6543652117095
290 -1345.5221666906357
291 -1170.3108217381211
292 -1434.966887891394
293 -1711.98222926206
294 -1632.4343648421345
295 -1185.6318535217076
296 -1659.2911117959957
297 -1131.050495187102
298 -1591.2987303230373
299 -1248.726112003069
300 -1532.0500799734666
301 -1382.6206019082529
302 -957.3690163893102
303 -1334.3573109930276
304 -1139.3320460532423
305 -1354.005349695253
306 -1713.5571856195695
307 -948.704321942317
308 -1737.1434853174399
309 -1165.7937226022264
310 -1130.907741351262
311 -837.1617618762315
312 -1735.91167897729
313 -1342.7122338462434
314 -1193.4180920225588
315 -1383.7073650648722
316 -1350.752715018405
317 -1348.706505325728
318 -1392.5443076116783
319 -1302.3432224443904
320 -1674.0638277392363
321 -1370.521114876929
322 -1044.0188271786162
323 -1412.3650196381031
324 -1302.0238286296903
325 -1051.734129954734
326 -1124.9396320880192
327 -1358.5722042231587
328 -944.2489612337888
329 -1312.5976999406228
330 -1615.2978694991614
331 -1073.8854467117294
332 -1383.5945182039993
333 -1623.2224895002917
334 -1379.0841466883044
335 -1385.1175048282216
336 -1367.975361145344
337 -1060.3921476430323
338 -1325.3209470956638
339 -944.2990690149451
340 -1423.118263598009
341 -1461.8126933720348
342 -1561.182887579847
343 -1574.5432191078098
344 -1301.2108310607784
345 -956.1748845412745
346 -1389.947861798758
347 -950.0653008306965
348 -1353.4142486871508
349 -1357.5502536040863
350 -1171.241120752896
351 -1352.9248350260636
352 -1401.1331770421243
353 -1489.8356206139772
354 -1591.7840771205092
355 -1334.4935339776978
356 -1094.591414404103
357 -1397.6742687302194
358 -1436.8691699276999
359 -1063.3254443766355
360 -1645.998467257172
361 -1350.0849631929743
362 -1383.0340307604692
363 -1729.9507698633327
364 -1737.7951500305558
365 -1550.0984745542828
366 -1331.4248774461496
367 -1392.1129036153748
368 -1722.729718054186
369 -1491.3023176648517
370 -1367.8322537731135
371 -1168.8917233127745
372 -1527.7935103838704
373 -1176.154757596574
374 -1375.9673242319268
375 -1499.8238435478258
376 -1375.8971727353892
377 -1483.8535950210974
378 -1332.9204795462383
379 -1376.453984459716
380 -1737.6997379606505
381 -1294.1058971291436
382 -1265.6258028583213
383 -1146.0438451177172
384 -1499.9096582200534
385 -1329.0264036762499
386 -1160.8873965096975
387 -1290.0001056820452
388 -987.4742547425379
389 -1142.545064887421
390 -1371.8562127657437
391 -1454.9099316748986
392 -1161.9709640067585
393 -1155.3133464527773
394 -1344.5649442921963
395 -1739.0729816204394
396 -1182.9610542678333
397 -1630.4298332656203
398 -1732.5339860922456
399 -1147.9135043822153
400 -1194.3597024485912
401 -1319.5047189297638
402 -1346.674296173698
403 -1670.7985175571941
404 -1066.205956107203
405 -1496.016211081625
406 -1249.599211415785
407 -1262.9736970145027
408 -1167.473230294047
409 -1480.9965304228256
410 -1341.0154042281654
411 -1495.547834402713
412 -1736.1283262502661
413 -1412.8761999715073
414 -1730.4507809350343
415 -1666.189160187906
416 -1195.1840555589192
417 -1064.9631849307073
418 -842.8281653858521
419 -1301.5981827930245
420 -1359.3738908621335
421 -1337.9588483829236
422 -1223.8435246319277
423 -1337.5323626421475
424 -1455.6502195595258
425 -1537.4465433279208
426 -1734.581405146291
427 -1054.5154973171766
428 -1167.7666385870893
429 -942.7365312591754
430 -1165.7380720034278
431 -1274.0116783361705
432 -1451.0549052173762
433 -1304.1282393594918
434 -1383.3606187056612
435 -1326.8108487025643
436 -1445.5568437784593
437 -1732.165077634507
438 -1129.293159181652
439 -1372.1417343000467
440 -1360.3511077882918
441 -1292.0547476359995
442 -1339.626270616359
443 -1722.6832435746435
444 -1204.3250725138876
445 -1370.511962588186
446 -1055.9228731959522
447 -1366.7452548391836
448 -1056.4888294179932
449 -1059.3424415532968
450 -1360.2618865475497
451 -1289.6665270752533
452 -1731.5178719932057
453 -1421.9260024259179
454 -1362.0767634499687
455 -1164.2104601079702
456 -1739.5804108297978
457 -1355.2147815319493
458 -1722.7085873200408
459 -1731.966567503563
460 -1391.3101974117933
461 -1075.431948295291
462 -1320.1250984000544
463 -1138.9952207992274
464 -1676.2685962652736
465 -1286.781910172079
466 -1352.9079105438734
467 -933.8795484190431
468 -1335.2016478998785
469 -1371.7795050604695
470 -957.845057705693
471 -1594.3829045262103
472 -1045.0131501934168
473 -1191.190424680114
474 -1708.651159337599
475 -1379.855896384868
476 -949.1384086845103
477 -1359.5191880233995
478 -1351.384675090847
479 -1353.2864447189286
480 -953.3572309638387
481 -1700.0187110206714
482 -1368.5092875024377
483 -1332.946852619564
484 -1364.6170322491341
485 -1277.5759074489874
486 -1713.047279634974
487 -1060.4035414823607
488 -1350.2572438823433
489 -1728.8339893582338
490 -1332.676207689305
491 -1068.196684778779
492 -1319.9157295852533
493 -1735.637898284465
494 -1597.7374300023903
495 -1284.4880168858515
496 -1280.5879082743982
497 -1523.3707532462258
498 -1165.8995785213228
499 -1277.3687897710524
500 -1193.5954432961983
